"date_id","label"
"2018-07-06-1205_1",1
"2018-07-06-1205_10",1
"2018-07-06-1205_11",1
"2018-07-06-1205_12",0
"2018-07-06-1205_13",0
"2018-07-06-1205_14",0
"2018-07-06-1205_15",1
"2018-07-06-1205_16",1
"2018-07-06-1205_17",0
"2018-07-06-1205_18",1
"2018-07-06-1205_19",1
"2018-07-06-1205_2",1
"2018-07-06-1205_20",1
"2018-07-06-1205_21",1
"2018-07-06-1205_22",1
"2018-07-06-1205_23",0
"2018-07-06-1205_24",1
"2018-07-06-1205_25",0
"2018-07-06-1205_26",0
"2018-07-06-1205_27",0
"2018-07-06-1205_28",0
"2018-07-06-1205_29",0
"2018-07-06-1205_3",0
"2018-07-06-1205_30",1
"2018-07-06-1205_31",0
"2018-07-06-1205_32",0
"2018-07-06-1205_33",0
"2018-07-06-1205_34",0
"2018-07-06-1205_35",1
"2018-07-06-1205_36",0
"2018-07-06-1205_4",0
"2018-07-06-1205_5",0
"2018-07-06-1205_6",1
"2018-07-06-1205_7",1
"2018-07-06-1205_8",1
"2018-07-06-1205_9",1
"2018-07-06-1210_1",1
"2018-07-06-1210_10",1
"2018-07-06-1210_11",1
"2018-07-06-1210_12",0
"2018-07-06-1210_13",0
"2018-07-06-1210_14",0
"2018-07-06-1210_15",1
"2018-07-06-1210_16",1
"2018-07-06-1210_17",0
"2018-07-06-1210_18",1
"2018-07-06-1210_19",1
"2018-07-06-1210_2",1
"2018-07-06-1210_20",1
"2018-07-06-1210_21",1
"2018-07-06-1210_22",0
"2018-07-06-1210_23",0
"2018-07-06-1210_24",1
"2018-07-06-1210_25",0
"2018-07-06-1210_26",0
"2018-07-06-1210_27",0
"2018-07-06-1210_28",0
"2018-07-06-1210_29",0
"2018-07-06-1210_3",0
"2018-07-06-1210_30",1
"2018-07-06-1210_31",0
"2018-07-06-1210_32",0
"2018-07-06-1210_33",0
"2018-07-06-1210_34",0
"2018-07-06-1210_35",1
"2018-07-06-1210_36",0
"2018-07-06-1210_4",0
"2018-07-06-1210_5",0
"2018-07-06-1210_6",1
"2018-07-06-1210_7",1
"2018-07-06-1210_8",1
"2018-07-06-1210_9",1
"2018-07-06-1215_1",1
"2018-07-06-1215_10",1
"2018-07-06-1215_11",1
"2018-07-06-1215_12",0
"2018-07-06-1215_13",0
"2018-07-06-1215_14",0
"2018-07-06-1215_15",1
"2018-07-06-1215_16",1
"2018-07-06-1215_17",0
"2018-07-06-1215_18",1
"2018-07-06-1215_19",1
"2018-07-06-1215_2",1
"2018-07-06-1215_20",1
"2018-07-06-1215_21",1
"2018-07-06-1215_22",0
"2018-07-06-1215_23",0
"2018-07-06-1215_24",1
"2018-07-06-1215_25",0
"2018-07-06-1215_26",0
"2018-07-06-1215_27",0
"2018-07-06-1215_28",0
"2018-07-06-1215_29",0
"2018-07-06-1215_3",0
"2018-07-06-1215_30",1
"2018-07-06-1215_31",0
"2018-07-06-1215_32",0
"2018-07-06-1215_33",0
"2018-07-06-1215_34",0
"2018-07-06-1215_35",1
"2018-07-06-1215_36",0
"2018-07-06-1215_4",0
"2018-07-06-1215_5",0
"2018-07-06-1215_6",1
"2018-07-06-1215_7",1
"2018-07-06-1215_8",1
"2018-07-06-1215_9",1
"2018-07-06-1220_1",1
"2018-07-06-1220_10",1
"2018-07-06-1220_11",1
"2018-07-06-1220_12",0
"2018-07-06-1220_13",0
"2018-07-06-1220_14",0
"2018-07-06-1220_15",1
"2018-07-06-1220_16",1
"2018-07-06-1220_17",0
"2018-07-06-1220_18",1
"2018-07-06-1220_19",1
"2018-07-06-1220_2",1
"2018-07-06-1220_20",1
"2018-07-06-1220_21",1
"2018-07-06-1220_22",0
"2018-07-06-1220_23",0
"2018-07-06-1220_24",1
"2018-07-06-1220_25",0
"2018-07-06-1220_26",0
"2018-07-06-1220_27",0
"2018-07-06-1220_28",0
"2018-07-06-1220_29",0
"2018-07-06-1220_3",0
"2018-07-06-1220_30",1
"2018-07-06-1220_31",0
"2018-07-06-1220_32",0
"2018-07-06-1220_33",0
"2018-07-06-1220_34",0
"2018-07-06-1220_35",1
"2018-07-06-1220_36",0
"2018-07-06-1220_4",0
"2018-07-06-1220_5",0
"2018-07-06-1220_6",1
"2018-07-06-1220_7",1
"2018-07-06-1220_8",1
"2018-07-06-1220_9",1
"2018-07-06-1225_1",1
"2018-07-06-1225_10",1
"2018-07-06-1225_11",1
"2018-07-06-1225_12",0
"2018-07-06-1225_13",0
"2018-07-06-1225_14",0
"2018-07-06-1225_15",1
"2018-07-06-1225_16",1
"2018-07-06-1225_17",0
"2018-07-06-1225_18",1
"2018-07-06-1225_19",0
"2018-07-06-1225_2",1
"2018-07-06-1225_20",1
"2018-07-06-1225_21",1
"2018-07-06-1225_22",0
"2018-07-06-1225_23",0
"2018-07-06-1225_24",1
"2018-07-06-1225_25",0
"2018-07-06-1225_26",0
"2018-07-06-1225_27",0
"2018-07-06-1225_28",0
"2018-07-06-1225_29",0
"2018-07-06-1225_3",0
"2018-07-06-1225_30",1
"2018-07-06-1225_31",0
"2018-07-06-1225_32",0
"2018-07-06-1225_33",0
"2018-07-06-1225_34",0
"2018-07-06-1225_35",1
"2018-07-06-1225_36",0
"2018-07-06-1225_4",0
"2018-07-06-1225_5",0
"2018-07-06-1225_6",1
"2018-07-06-1225_7",1
"2018-07-06-1225_8",1
"2018-07-06-1225_9",1
"2018-07-06-1230_1",1
"2018-07-06-1230_10",1
"2018-07-06-1230_11",1
"2018-07-06-1230_12",0
"2018-07-06-1230_13",0
"2018-07-06-1230_14",0
"2018-07-06-1230_15",1
"2018-07-06-1230_16",1
"2018-07-06-1230_17",0
"2018-07-06-1230_18",1
"2018-07-06-1230_19",0
"2018-07-06-1230_2",1
"2018-07-06-1230_20",1
"2018-07-06-1230_21",1
"2018-07-06-1230_22",0
"2018-07-06-1230_23",0
"2018-07-06-1230_24",1
"2018-07-06-1230_25",0
"2018-07-06-1230_26",0
"2018-07-06-1230_27",0
"2018-07-06-1230_28",0
"2018-07-06-1230_29",0
"2018-07-06-1230_3",0
"2018-07-06-1230_30",1
"2018-07-06-1230_31",0
"2018-07-06-1230_32",0
"2018-07-06-1230_33",0
"2018-07-06-1230_34",0
"2018-07-06-1230_35",1
"2018-07-06-1230_36",0
"2018-07-06-1230_4",0
"2018-07-06-1230_5",0
"2018-07-06-1230_6",1
"2018-07-06-1230_7",1
"2018-07-06-1230_8",1
"2018-07-06-1230_9",1
"2018-07-06-1235_1",1
"2018-07-06-1235_10",1
"2018-07-06-1235_11",1
"2018-07-06-1235_12",0
"2018-07-06-1235_13",0
"2018-07-06-1235_14",0
"2018-07-06-1235_15",1
"2018-07-06-1235_16",1
"2018-07-06-1235_17",0
"2018-07-06-1235_18",1
"2018-07-06-1235_19",0
"2018-07-06-1235_2",1
"2018-07-06-1235_20",1
"2018-07-06-1235_21",1
"2018-07-06-1235_22",0
"2018-07-06-1235_23",0
"2018-07-06-1235_24",1
"2018-07-06-1235_25",0
"2018-07-06-1235_26",0
"2018-07-06-1235_27",0
"2018-07-06-1235_28",0
"2018-07-06-1235_29",0
"2018-07-06-1235_3",0
"2018-07-06-1235_30",1
"2018-07-06-1235_31",0
"2018-07-06-1235_32",0
"2018-07-06-1235_33",0
"2018-07-06-1235_34",0
"2018-07-06-1235_35",1
"2018-07-06-1235_36",0
"2018-07-06-1235_4",0
"2018-07-06-1235_5",0
"2018-07-06-1235_6",1
"2018-07-06-1235_7",1
"2018-07-06-1235_8",1
"2018-07-06-1235_9",1
"2018-07-06-1240_1",1
"2018-07-06-1240_10",1
"2018-07-06-1240_11",1
"2018-07-06-1240_12",0
"2018-07-06-1240_13",0
"2018-07-06-1240_14",0
"2018-07-06-1240_15",1
"2018-07-06-1240_16",1
"2018-07-06-1240_17",0
"2018-07-06-1240_18",1
"2018-07-06-1240_19",0
"2018-07-06-1240_2",1
"2018-07-06-1240_20",1
"2018-07-06-1240_21",1
"2018-07-06-1240_22",0
"2018-07-06-1240_23",0
"2018-07-06-1240_24",1
"2018-07-06-1240_25",0
"2018-07-06-1240_26",0
"2018-07-06-1240_27",0
"2018-07-06-1240_28",0
"2018-07-06-1240_29",0
"2018-07-06-1240_3",0
"2018-07-06-1240_30",1
"2018-07-06-1240_31",0
"2018-07-06-1240_32",0
"2018-07-06-1240_33",0
"2018-07-06-1240_34",0
"2018-07-06-1240_35",1
"2018-07-06-1240_36",0
"2018-07-06-1240_4",0
"2018-07-06-1240_5",0
"2018-07-06-1240_6",0
"2018-07-06-1240_7",1
"2018-07-06-1240_8",1
"2018-07-06-1240_9",1
"2018-07-06-1245_1",1
"2018-07-06-1245_10",1
"2018-07-06-1245_11",1
"2018-07-06-1245_12",0
"2018-07-06-1245_13",0
"2018-07-06-1245_14",0
"2018-07-06-1245_15",1
"2018-07-06-1245_16",1
"2018-07-06-1245_17",0
"2018-07-06-1245_18",1
"2018-07-06-1245_19",0
"2018-07-06-1245_2",1
"2018-07-06-1245_20",1
"2018-07-06-1245_21",1
"2018-07-06-1245_22",0
"2018-07-06-1245_23",0
"2018-07-06-1245_24",1
"2018-07-06-1245_25",0
"2018-07-06-1245_26",0
"2018-07-06-1245_27",0
"2018-07-06-1245_28",0
"2018-07-06-1245_29",0
"2018-07-06-1245_3",0
"2018-07-06-1245_30",1
"2018-07-06-1245_31",0
"2018-07-06-1245_32",0
"2018-07-06-1245_33",0
"2018-07-06-1245_34",0
"2018-07-06-1245_35",1
"2018-07-06-1245_36",0
"2018-07-06-1245_4",0
"2018-07-06-1245_5",0
"2018-07-06-1245_6",1
"2018-07-06-1245_7",1
"2018-07-06-1245_8",1
"2018-07-06-1245_9",1
"2018-07-06-1250_1",1
"2018-07-06-1250_10",1
"2018-07-06-1250_11",1
"2018-07-06-1250_12",0
"2018-07-06-1250_13",0
"2018-07-06-1250_14",0
"2018-07-06-1250_15",1
"2018-07-06-1250_16",1
"2018-07-06-1250_17",0
"2018-07-06-1250_18",1
"2018-07-06-1250_19",0
"2018-07-06-1250_2",1
"2018-07-06-1250_20",1
"2018-07-06-1250_21",1
"2018-07-06-1250_22",0
"2018-07-06-1250_23",0
"2018-07-06-1250_24",1
"2018-07-06-1250_25",0
"2018-07-06-1250_26",0
"2018-07-06-1250_27",0
"2018-07-06-1250_28",0
"2018-07-06-1250_29",0
"2018-07-06-1250_3",0
"2018-07-06-1250_30",1
"2018-07-06-1250_31",0
"2018-07-06-1250_32",0
"2018-07-06-1250_33",0
"2018-07-06-1250_34",0
"2018-07-06-1250_35",1
"2018-07-06-1250_36",0
"2018-07-06-1250_4",0
"2018-07-06-1250_5",0
"2018-07-06-1250_6",1
"2018-07-06-1250_7",1
"2018-07-06-1250_8",1
"2018-07-06-1250_9",1
"2018-07-06-1255_1",1
"2018-07-06-1255_10",1
"2018-07-06-1255_11",1
"2018-07-06-1255_12",0
"2018-07-06-1255_13",0
"2018-07-06-1255_14",0
"2018-07-06-1255_15",1
"2018-07-06-1255_16",1
"2018-07-06-1255_17",0
"2018-07-06-1255_18",1
"2018-07-06-1255_19",0
"2018-07-06-1255_2",1
"2018-07-06-1255_20",1
"2018-07-06-1255_21",1
"2018-07-06-1255_22",0
"2018-07-06-1255_23",0
"2018-07-06-1255_24",1
"2018-07-06-1255_25",0
"2018-07-06-1255_26",0
"2018-07-06-1255_27",0
"2018-07-06-1255_28",0
"2018-07-06-1255_29",0
"2018-07-06-1255_3",0
"2018-07-06-1255_30",1
"2018-07-06-1255_31",0
"2018-07-06-1255_32",0
"2018-07-06-1255_33",0
"2018-07-06-1255_34",0
"2018-07-06-1255_35",1
"2018-07-06-1255_36",0
"2018-07-06-1255_4",0
"2018-07-06-1255_5",0
"2018-07-06-1255_6",1
"2018-07-06-1255_7",1
"2018-07-06-1255_8",1
"2018-07-06-1255_9",1
"2018-07-06-1300_1",1
"2018-07-06-1300_10",1
"2018-07-06-1300_11",1
"2018-07-06-1300_12",0
"2018-07-06-1300_13",0
"2018-07-06-1300_14",0
"2018-07-06-1300_15",1
"2018-07-06-1300_16",1
"2018-07-06-1300_17",0
"2018-07-06-1300_18",1
"2018-07-06-1300_19",0
"2018-07-06-1300_2",1
"2018-07-06-1300_20",1
"2018-07-06-1300_21",1
"2018-07-06-1300_22",0
"2018-07-06-1300_23",0
"2018-07-06-1300_24",0
"2018-07-06-1300_25",0
"2018-07-06-1300_26",0
"2018-07-06-1300_27",0
"2018-07-06-1300_28",0
"2018-07-06-1300_29",0
"2018-07-06-1300_3",0
"2018-07-06-1300_30",1
"2018-07-06-1300_31",0
"2018-07-06-1300_32",0
"2018-07-06-1300_33",0
"2018-07-06-1300_34",0
"2018-07-06-1300_35",1
"2018-07-06-1300_36",0
"2018-07-06-1300_4",0
"2018-07-06-1300_5",0
"2018-07-06-1300_6",1
"2018-07-06-1300_7",1
"2018-07-06-1300_8",1
"2018-07-06-1300_9",1
"2018-07-06-1305_1",1
"2018-07-06-1305_10",1
"2018-07-06-1305_11",1
"2018-07-06-1305_12",0
"2018-07-06-1305_13",0
"2018-07-06-1305_14",0
"2018-07-06-1305_15",1
"2018-07-06-1305_16",1
"2018-07-06-1305_17",0
"2018-07-06-1305_18",1
"2018-07-06-1305_19",0
"2018-07-06-1305_2",1
"2018-07-06-1305_20",1
"2018-07-06-1305_21",1
"2018-07-06-1305_22",1
"2018-07-06-1305_23",1
"2018-07-06-1305_24",0
"2018-07-06-1305_25",0
"2018-07-06-1305_26",0
"2018-07-06-1305_27",0
"2018-07-06-1305_28",0
"2018-07-06-1305_29",0
"2018-07-06-1305_3",0
"2018-07-06-1305_30",1
"2018-07-06-1305_31",0
"2018-07-06-1305_32",0
"2018-07-06-1305_33",0
"2018-07-06-1305_34",0
"2018-07-06-1305_35",1
"2018-07-06-1305_36",0
"2018-07-06-1305_4",0
"2018-07-06-1305_5",0
"2018-07-06-1305_6",1
"2018-07-06-1305_7",1
"2018-07-06-1305_8",1
"2018-07-06-1305_9",1
"2018-07-06-1310_1",1
"2018-07-06-1310_10",1
"2018-07-06-1310_11",1
"2018-07-06-1310_12",0
"2018-07-06-1310_13",0
"2018-07-06-1310_14",0
"2018-07-06-1310_15",1
"2018-07-06-1310_16",1
"2018-07-06-1310_17",0
"2018-07-06-1310_18",1
"2018-07-06-1310_19",0
"2018-07-06-1310_2",1
"2018-07-06-1310_20",1
"2018-07-06-1310_21",1
"2018-07-06-1310_22",0
"2018-07-06-1310_23",1
"2018-07-06-1310_24",0
"2018-07-06-1310_25",0
"2018-07-06-1310_26",0
"2018-07-06-1310_27",0
"2018-07-06-1310_28",0
"2018-07-06-1310_29",0
"2018-07-06-1310_3",0
"2018-07-06-1310_30",1
"2018-07-06-1310_31",0
"2018-07-06-1310_32",0
"2018-07-06-1310_33",0
"2018-07-06-1310_34",0
"2018-07-06-1310_35",1
"2018-07-06-1310_36",0
"2018-07-06-1310_4",0
"2018-07-06-1310_5",0
"2018-07-06-1310_6",1
"2018-07-06-1310_7",1
"2018-07-06-1310_8",1
"2018-07-06-1310_9",1
"2018-07-06-1315_1",1
"2018-07-06-1315_10",1
"2018-07-06-1315_11",1
"2018-07-06-1315_12",0
"2018-07-06-1315_13",0
"2018-07-06-1315_14",0
"2018-07-06-1315_15",1
"2018-07-06-1315_16",1
"2018-07-06-1315_17",0
"2018-07-06-1315_18",1
"2018-07-06-1315_19",0
"2018-07-06-1315_2",1
"2018-07-06-1315_20",1
"2018-07-06-1315_21",1
"2018-07-06-1315_22",0
"2018-07-06-1315_23",1
"2018-07-06-1315_24",0
"2018-07-06-1315_25",0
"2018-07-06-1315_26",0
"2018-07-06-1315_27",0
"2018-07-06-1315_28",0
"2018-07-06-1315_29",0
"2018-07-06-1315_3",0
"2018-07-06-1315_30",1
"2018-07-06-1315_31",0
"2018-07-06-1315_32",0
"2018-07-06-1315_33",0
"2018-07-06-1315_34",0
"2018-07-06-1315_35",1
"2018-07-06-1315_36",0
"2018-07-06-1315_4",0
"2018-07-06-1315_5",0
"2018-07-06-1315_6",1
"2018-07-06-1315_7",1
"2018-07-06-1315_8",1
"2018-07-06-1315_9",1
"2018-07-06-1320_1",1
"2018-07-06-1320_10",1
"2018-07-06-1320_11",1
"2018-07-06-1320_12",0
"2018-07-06-1320_13",0
"2018-07-06-1320_14",0
"2018-07-06-1320_15",1
"2018-07-06-1320_16",1
"2018-07-06-1320_17",0
"2018-07-06-1320_18",1
"2018-07-06-1320_19",0
"2018-07-06-1320_2",1
"2018-07-06-1320_20",1
"2018-07-06-1320_21",1
"2018-07-06-1320_22",0
"2018-07-06-1320_23",1
"2018-07-06-1320_24",0
"2018-07-06-1320_25",0
"2018-07-06-1320_26",0
"2018-07-06-1320_27",0
"2018-07-06-1320_28",0
"2018-07-06-1320_29",0
"2018-07-06-1320_3",0
"2018-07-06-1320_30",1
"2018-07-06-1320_31",0
"2018-07-06-1320_32",0
"2018-07-06-1320_33",0
"2018-07-06-1320_34",0
"2018-07-06-1320_35",1
"2018-07-06-1320_36",0
"2018-07-06-1320_4",0
"2018-07-06-1320_5",0
"2018-07-06-1320_6",1
"2018-07-06-1320_7",1
"2018-07-06-1320_8",1
"2018-07-06-1320_9",1
"2018-07-06-1325_1",1
"2018-07-06-1325_10",1
"2018-07-06-1325_11",1
"2018-07-06-1325_12",0
"2018-07-06-1325_13",0
"2018-07-06-1325_14",0
"2018-07-06-1325_15",1
"2018-07-06-1325_16",1
"2018-07-06-1325_17",0
"2018-07-06-1325_18",1
"2018-07-06-1325_19",0
"2018-07-06-1325_2",1
"2018-07-06-1325_20",1
"2018-07-06-1325_21",1
"2018-07-06-1325_22",0
"2018-07-06-1325_23",1
"2018-07-06-1325_24",0
"2018-07-06-1325_25",0
"2018-07-06-1325_26",0
"2018-07-06-1325_27",0
"2018-07-06-1325_28",0
"2018-07-06-1325_29",0
"2018-07-06-1325_3",0
"2018-07-06-1325_30",1
"2018-07-06-1325_31",0
"2018-07-06-1325_32",0
"2018-07-06-1325_33",0
"2018-07-06-1325_34",0
"2018-07-06-1325_35",1
"2018-07-06-1325_36",0
"2018-07-06-1325_4",0
"2018-07-06-1325_5",0
"2018-07-06-1325_6",0
"2018-07-06-1325_7",1
"2018-07-06-1325_8",0
"2018-07-06-1325_9",1
"2018-07-06-1330_1",1
"2018-07-06-1330_10",1
"2018-07-06-1330_11",1
"2018-07-06-1330_12",0
"2018-07-06-1330_13",0
"2018-07-06-1330_14",0
"2018-07-06-1330_15",1
"2018-07-06-1330_16",1
"2018-07-06-1330_17",0
"2018-07-06-1330_18",1
"2018-07-06-1330_19",0
"2018-07-06-1330_2",1
"2018-07-06-1330_20",1
"2018-07-06-1330_21",1
"2018-07-06-1330_22",0
"2018-07-06-1330_23",1
"2018-07-06-1330_24",0
"2018-07-06-1330_25",0
"2018-07-06-1330_26",0
"2018-07-06-1330_27",0
"2018-07-06-1330_28",0
"2018-07-06-1330_29",0
"2018-07-06-1330_3",0
"2018-07-06-1330_30",1
"2018-07-06-1330_31",0
"2018-07-06-1330_32",0
"2018-07-06-1330_33",0
"2018-07-06-1330_34",0
"2018-07-06-1330_35",0
"2018-07-06-1330_36",0
"2018-07-06-1330_4",0
"2018-07-06-1330_5",0
"2018-07-06-1330_6",1
"2018-07-06-1330_7",1
"2018-07-06-1330_8",0
"2018-07-06-1330_9",1
"2018-07-06-1335_1",1
"2018-07-06-1335_10",1
"2018-07-06-1335_11",1
"2018-07-06-1335_12",0
"2018-07-06-1335_13",0
"2018-07-06-1335_14",0
"2018-07-06-1335_15",1
"2018-07-06-1335_16",1
"2018-07-06-1335_17",0
"2018-07-06-1335_18",1
"2018-07-06-1335_19",0
"2018-07-06-1335_2",1
"2018-07-06-1335_20",1
"2018-07-06-1335_21",1
"2018-07-06-1335_22",0
"2018-07-06-1335_23",1
"2018-07-06-1335_24",0
"2018-07-06-1335_25",0
"2018-07-06-1335_26",0
"2018-07-06-1335_27",0
"2018-07-06-1335_28",0
"2018-07-06-1335_29",0
"2018-07-06-1335_3",0
"2018-07-06-1335_30",1
"2018-07-06-1335_31",0
"2018-07-06-1335_32",0
"2018-07-06-1335_33",0
"2018-07-06-1335_34",0
"2018-07-06-1335_35",0
"2018-07-06-1335_36",0
"2018-07-06-1335_4",0
"2018-07-06-1335_5",0
"2018-07-06-1335_6",1
"2018-07-06-1335_7",1
"2018-07-06-1335_8",0
"2018-07-06-1335_9",1
"2018-07-06-1340_1",1
"2018-07-06-1340_10",1
"2018-07-06-1340_11",1
"2018-07-06-1340_12",0
"2018-07-06-1340_13",0
"2018-07-06-1340_14",0
"2018-07-06-1340_15",1
"2018-07-06-1340_16",1
"2018-07-06-1340_17",0
"2018-07-06-1340_18",1
"2018-07-06-1340_19",0
"2018-07-06-1340_2",0
"2018-07-06-1340_20",1
"2018-07-06-1340_21",1
"2018-07-06-1340_22",0
"2018-07-06-1340_23",1
"2018-07-06-1340_24",0
"2018-07-06-1340_25",0
"2018-07-06-1340_26",0
"2018-07-06-1340_27",0
"2018-07-06-1340_28",0
"2018-07-06-1340_29",0
"2018-07-06-1340_3",0
"2018-07-06-1340_30",1
"2018-07-06-1340_31",0
"2018-07-06-1340_32",0
"2018-07-06-1340_33",0
"2018-07-06-1340_34",0
"2018-07-06-1340_35",0
"2018-07-06-1340_36",0
"2018-07-06-1340_4",1
"2018-07-06-1340_5",0
"2018-07-06-1340_6",1
"2018-07-06-1340_7",1
"2018-07-06-1340_8",0
"2018-07-06-1340_9",1
"2018-07-06-1345_1",1
"2018-07-06-1345_10",1
"2018-07-06-1345_11",1
"2018-07-06-1345_12",0
"2018-07-06-1345_13",0
"2018-07-06-1345_14",0
"2018-07-06-1345_15",1
"2018-07-06-1345_16",1
"2018-07-06-1345_17",0
"2018-07-06-1345_18",1
"2018-07-06-1345_19",0
"2018-07-06-1345_2",1
"2018-07-06-1345_20",1
"2018-07-06-1345_21",1
"2018-07-06-1345_22",0
"2018-07-06-1345_23",1
"2018-07-06-1345_24",0
"2018-07-06-1345_25",0
"2018-07-06-1345_26",0
"2018-07-06-1345_27",0
"2018-07-06-1345_28",0
"2018-07-06-1345_29",0
"2018-07-06-1345_3",0
"2018-07-06-1345_30",1
"2018-07-06-1345_31",0
"2018-07-06-1345_32",0
"2018-07-06-1345_33",0
"2018-07-06-1345_34",0
"2018-07-06-1345_35",0
"2018-07-06-1345_36",0
"2018-07-06-1345_4",1
"2018-07-06-1345_5",0
"2018-07-06-1345_6",1
"2018-07-06-1345_7",1
"2018-07-06-1345_8",0
"2018-07-06-1345_9",1
"2018-07-06-1350_1",1
"2018-07-06-1350_10",1
"2018-07-06-1350_11",1
"2018-07-06-1350_12",0
"2018-07-06-1350_13",0
"2018-07-06-1350_14",0
"2018-07-06-1350_15",1
"2018-07-06-1350_16",1
"2018-07-06-1350_17",0
"2018-07-06-1350_18",1
"2018-07-06-1350_19",0
"2018-07-06-1350_2",1
"2018-07-06-1350_20",1
"2018-07-06-1350_21",1
"2018-07-06-1350_22",0
"2018-07-06-1350_23",0
"2018-07-06-1350_24",0
"2018-07-06-1350_25",0
"2018-07-06-1350_26",0
"2018-07-06-1350_27",0
"2018-07-06-1350_28",0
"2018-07-06-1350_29",0
"2018-07-06-1350_3",0
"2018-07-06-1350_30",1
"2018-07-06-1350_31",0
"2018-07-06-1350_32",0
"2018-07-06-1350_33",0
"2018-07-06-1350_34",0
"2018-07-06-1350_35",0
"2018-07-06-1350_36",0
"2018-07-06-1350_4",1
"2018-07-06-1350_5",0
"2018-07-06-1350_6",1
"2018-07-06-1350_7",1
"2018-07-06-1350_8",0
"2018-07-06-1350_9",1
"2018-07-06-1355_1",1
"2018-07-06-1355_10",1
"2018-07-06-1355_11",1
"2018-07-06-1355_12",0
"2018-07-06-1355_13",0
"2018-07-06-1355_14",0
"2018-07-06-1355_15",1
"2018-07-06-1355_16",1
"2018-07-06-1355_17",0
"2018-07-06-1355_18",1
"2018-07-06-1355_19",0
"2018-07-06-1355_2",1
"2018-07-06-1355_20",1
"2018-07-06-1355_21",1
"2018-07-06-1355_22",1
"2018-07-06-1355_23",0
"2018-07-06-1355_24",0
"2018-07-06-1355_25",0
"2018-07-06-1355_26",0
"2018-07-06-1355_27",0
"2018-07-06-1355_28",0
"2018-07-06-1355_29",0
"2018-07-06-1355_3",0
"2018-07-06-1355_30",1
"2018-07-06-1355_31",0
"2018-07-06-1355_32",0
"2018-07-06-1355_33",0
"2018-07-06-1355_34",0
"2018-07-06-1355_35",0
"2018-07-06-1355_36",0
"2018-07-06-1355_4",1
"2018-07-06-1355_5",0
"2018-07-06-1355_6",1
"2018-07-06-1355_7",1
"2018-07-06-1355_8",0
"2018-07-06-1355_9",1
"2018-07-06-1400_1",0
"2018-07-06-1400_10",1
"2018-07-06-1400_11",1
"2018-07-06-1400_12",0
"2018-07-06-1400_13",0
"2018-07-06-1400_14",0
"2018-07-06-1400_15",1
"2018-07-06-1400_16",1
"2018-07-06-1400_17",0
"2018-07-06-1400_18",1
"2018-07-06-1400_19",0
"2018-07-06-1400_2",1
"2018-07-06-1400_20",1
"2018-07-06-1400_21",1
"2018-07-06-1400_22",1
"2018-07-06-1400_23",0
"2018-07-06-1400_24",0
"2018-07-06-1400_25",0
"2018-07-06-1400_26",0
"2018-07-06-1400_27",0
"2018-07-06-1400_28",0
"2018-07-06-1400_29",0
"2018-07-06-1400_3",0
"2018-07-06-1400_30",1
"2018-07-06-1400_31",0
"2018-07-06-1400_32",0
"2018-07-06-1400_33",0
"2018-07-06-1400_34",0
"2018-07-06-1400_35",0
"2018-07-06-1400_36",0
"2018-07-06-1400_4",1
"2018-07-06-1400_5",0
"2018-07-06-1400_6",1
"2018-07-06-1400_7",1
"2018-07-06-1400_8",0
"2018-07-06-1400_9",1
"2018-07-06-1405_1",1
"2018-07-06-1405_10",1
"2018-07-06-1405_11",1
"2018-07-06-1405_12",0
"2018-07-06-1405_13",0
"2018-07-06-1405_14",0
"2018-07-06-1405_15",1
"2018-07-06-1405_16",1
"2018-07-06-1405_17",0
"2018-07-06-1405_18",1
"2018-07-06-1405_19",0
"2018-07-06-1405_2",1
"2018-07-06-1405_20",1
"2018-07-06-1405_21",1
"2018-07-06-1405_22",1
"2018-07-06-1405_23",0
"2018-07-06-1405_24",0
"2018-07-06-1405_25",0
"2018-07-06-1405_26",0
"2018-07-06-1405_27",0
"2018-07-06-1405_28",0
"2018-07-06-1405_29",0
"2018-07-06-1405_3",0
"2018-07-06-1405_30",1
"2018-07-06-1405_31",0
"2018-07-06-1405_32",0
"2018-07-06-1405_33",0
"2018-07-06-1405_34",0
"2018-07-06-1405_35",0
"2018-07-06-1405_36",0
"2018-07-06-1405_4",1
"2018-07-06-1405_5",0
"2018-07-06-1405_6",1
"2018-07-06-1405_7",1
"2018-07-06-1405_8",0
"2018-07-06-1405_9",1
"2018-07-06-1410_1",1
"2018-07-06-1410_10",1
"2018-07-06-1410_11",1
"2018-07-06-1410_12",0
"2018-07-06-1410_13",0
"2018-07-06-1410_14",0
"2018-07-06-1410_15",1
"2018-07-06-1410_16",1
"2018-07-06-1410_17",0
"2018-07-06-1410_18",1
"2018-07-06-1410_19",0
"2018-07-06-1410_2",1
"2018-07-06-1410_20",1
"2018-07-06-1410_21",1
"2018-07-06-1410_22",1
"2018-07-06-1410_23",0
"2018-07-06-1410_24",0
"2018-07-06-1410_25",0
"2018-07-06-1410_26",0
"2018-07-06-1410_27",0
"2018-07-06-1410_28",0
"2018-07-06-1410_29",0
"2018-07-06-1410_3",0
"2018-07-06-1410_30",1
"2018-07-06-1410_31",0
"2018-07-06-1410_32",0
"2018-07-06-1410_33",0
"2018-07-06-1410_34",0
"2018-07-06-1410_35",0
"2018-07-06-1410_36",0
"2018-07-06-1410_4",1
"2018-07-06-1410_5",0
"2018-07-06-1410_6",1
"2018-07-06-1410_7",1
"2018-07-06-1410_8",0
"2018-07-06-1410_9",1
"2018-07-06-1415_1",1
"2018-07-06-1415_10",1
"2018-07-06-1415_11",1
"2018-07-06-1415_12",0
"2018-07-06-1415_13",0
"2018-07-06-1415_14",0
"2018-07-06-1415_15",1
"2018-07-06-1415_16",1
"2018-07-06-1415_17",0
"2018-07-06-1415_18",1
"2018-07-06-1415_19",0
"2018-07-06-1415_2",1
"2018-07-06-1415_20",1
"2018-07-06-1415_21",1
"2018-07-06-1415_22",1
"2018-07-06-1415_23",0
"2018-07-06-1415_24",0
"2018-07-06-1415_25",0
"2018-07-06-1415_26",0
"2018-07-06-1415_27",0
"2018-07-06-1415_28",0
"2018-07-06-1415_29",0
"2018-07-06-1415_3",0
"2018-07-06-1415_30",1
"2018-07-06-1415_31",0
"2018-07-06-1415_32",0
"2018-07-06-1415_33",0
"2018-07-06-1415_34",0
"2018-07-06-1415_35",0
"2018-07-06-1415_36",0
"2018-07-06-1415_4",1
"2018-07-06-1415_5",1
"2018-07-06-1415_6",1
"2018-07-06-1415_7",1
"2018-07-06-1415_8",0
"2018-07-06-1415_9",1
"2018-07-06-1420_1",1
"2018-07-06-1420_10",1
"2018-07-06-1420_11",1
"2018-07-06-1420_12",0
"2018-07-06-1420_13",0
"2018-07-06-1420_14",0
"2018-07-06-1420_15",1
"2018-07-06-1420_16",1
"2018-07-06-1420_17",0
"2018-07-06-1420_18",1
"2018-07-06-1420_19",0
"2018-07-06-1420_2",1
"2018-07-06-1420_20",1
"2018-07-06-1420_21",1
"2018-07-06-1420_22",1
"2018-07-06-1420_23",0
"2018-07-06-1420_24",0
"2018-07-06-1420_25",0
"2018-07-06-1420_26",0
"2018-07-06-1420_27",0
"2018-07-06-1420_28",0
"2018-07-06-1420_29",0
"2018-07-06-1420_3",0
"2018-07-06-1420_30",1
"2018-07-06-1420_31",0
"2018-07-06-1420_32",0
"2018-07-06-1420_33",0
"2018-07-06-1420_34",0
"2018-07-06-1420_35",0
"2018-07-06-1420_36",0
"2018-07-06-1420_4",1
"2018-07-06-1420_5",1
"2018-07-06-1420_6",1
"2018-07-06-1420_7",1
"2018-07-06-1420_8",0
"2018-07-06-1420_9",1
"2018-07-06-1425_1",1
"2018-07-06-1425_10",1
"2018-07-06-1425_11",1
"2018-07-06-1425_12",0
"2018-07-06-1425_13",0
"2018-07-06-1425_14",0
"2018-07-06-1425_15",1
"2018-07-06-1425_16",1
"2018-07-06-1425_17",0
"2018-07-06-1425_18",1
"2018-07-06-1425_19",0
"2018-07-06-1425_2",1
"2018-07-06-1425_20",1
"2018-07-06-1425_21",1
"2018-07-06-1425_22",1
"2018-07-06-1425_23",0
"2018-07-06-1425_24",0
"2018-07-06-1425_25",0
"2018-07-06-1425_26",0
"2018-07-06-1425_27",0
"2018-07-06-1425_28",0
"2018-07-06-1425_29",0
"2018-07-06-1425_3",0
"2018-07-06-1425_30",1
"2018-07-06-1425_31",0
"2018-07-06-1425_32",0
"2018-07-06-1425_33",0
"2018-07-06-1425_34",0
"2018-07-06-1425_35",0
"2018-07-06-1425_36",0
"2018-07-06-1425_4",1
"2018-07-06-1425_5",1
"2018-07-06-1425_6",1
"2018-07-06-1425_7",1
"2018-07-06-1425_8",0
"2018-07-06-1425_9",1
"2018-07-06-1430_1",1
"2018-07-06-1430_10",1
"2018-07-06-1430_11",1
"2018-07-06-1430_12",0
"2018-07-06-1430_13",0
"2018-07-06-1430_14",0
"2018-07-06-1430_15",1
"2018-07-06-1430_16",1
"2018-07-06-1430_17",0
"2018-07-06-1430_18",1
"2018-07-06-1430_19",0
"2018-07-06-1430_2",1
"2018-07-06-1430_20",1
"2018-07-06-1430_21",1
"2018-07-06-1430_22",1
"2018-07-06-1430_23",0
"2018-07-06-1430_24",0
"2018-07-06-1430_25",0
"2018-07-06-1430_26",0
"2018-07-06-1430_27",0
"2018-07-06-1430_28",0
"2018-07-06-1430_29",0
"2018-07-06-1430_3",0
"2018-07-06-1430_30",1
"2018-07-06-1430_31",0
"2018-07-06-1430_32",0
"2018-07-06-1430_33",0
"2018-07-06-1430_34",0
"2018-07-06-1430_35",0
"2018-07-06-1430_36",0
"2018-07-06-1430_4",1
"2018-07-06-1430_5",1
"2018-07-06-1430_6",1
"2018-07-06-1430_7",1
"2018-07-06-1430_8",0
"2018-07-06-1430_9",1
"2018-07-06-1435_1",1
"2018-07-06-1435_10",1
"2018-07-06-1435_11",1
"2018-07-06-1435_12",0
"2018-07-06-1435_13",0
"2018-07-06-1435_14",0
"2018-07-06-1435_15",1
"2018-07-06-1435_16",1
"2018-07-06-1435_17",0
"2018-07-06-1435_18",1
"2018-07-06-1435_19",0
"2018-07-06-1435_2",1
"2018-07-06-1435_20",1
"2018-07-06-1435_21",1
"2018-07-06-1435_22",1
"2018-07-06-1435_23",0
"2018-07-06-1435_24",0
"2018-07-06-1435_25",0
"2018-07-06-1435_26",0
"2018-07-06-1435_27",0
"2018-07-06-1435_28",0
"2018-07-06-1435_29",0
"2018-07-06-1435_3",0
"2018-07-06-1435_30",1
"2018-07-06-1435_31",0
"2018-07-06-1435_32",0
"2018-07-06-1435_33",0
"2018-07-06-1435_34",0
"2018-07-06-1435_35",0
"2018-07-06-1435_36",0
"2018-07-06-1435_4",1
"2018-07-06-1435_5",1
"2018-07-06-1435_6",1
"2018-07-06-1435_7",1
"2018-07-06-1435_8",0
"2018-07-06-1435_9",1
"2018-07-06-1440_1",1
"2018-07-06-1440_10",1
"2018-07-06-1440_11",1
"2018-07-06-1440_12",0
"2018-07-06-1440_13",0
"2018-07-06-1440_14",0
"2018-07-06-1440_15",1
"2018-07-06-1440_16",1
"2018-07-06-1440_17",0
"2018-07-06-1440_18",1
"2018-07-06-1440_19",0
"2018-07-06-1440_2",1
"2018-07-06-1440_20",1
"2018-07-06-1440_21",1
"2018-07-06-1440_22",1
"2018-07-06-1440_23",0
"2018-07-06-1440_24",0
"2018-07-06-1440_25",0
"2018-07-06-1440_26",0
"2018-07-06-1440_27",0
"2018-07-06-1440_28",0
"2018-07-06-1440_29",0
"2018-07-06-1440_3",0
"2018-07-06-1440_30",1
"2018-07-06-1440_31",0
"2018-07-06-1440_32",0
"2018-07-06-1440_33",0
"2018-07-06-1440_34",0
"2018-07-06-1440_35",0
"2018-07-06-1440_36",0
"2018-07-06-1440_4",1
"2018-07-06-1440_5",1
"2018-07-06-1440_6",1
"2018-07-06-1440_7",1
"2018-07-06-1440_8",0
"2018-07-06-1440_9",1
"2018-07-06-1445_1",1
"2018-07-06-1445_10",1
"2018-07-06-1445_11",1
"2018-07-06-1445_12",0
"2018-07-06-1445_13",0
"2018-07-06-1445_14",0
"2018-07-06-1445_15",1
"2018-07-06-1445_16",1
"2018-07-06-1445_17",0
"2018-07-06-1445_18",1
"2018-07-06-1445_19",0
"2018-07-06-1445_2",1
"2018-07-06-1445_20",1
"2018-07-06-1445_21",1
"2018-07-06-1445_22",1
"2018-07-06-1445_23",0
"2018-07-06-1445_24",0
"2018-07-06-1445_25",0
"2018-07-06-1445_26",0
"2018-07-06-1445_27",0
"2018-07-06-1445_28",0
"2018-07-06-1445_29",0
"2018-07-06-1445_3",0
"2018-07-06-1445_30",1
"2018-07-06-1445_31",0
"2018-07-06-1445_32",0
"2018-07-06-1445_33",0
"2018-07-06-1445_34",0
"2018-07-06-1445_35",0
"2018-07-06-1445_36",0
"2018-07-06-1445_4",0
"2018-07-06-1445_5",1
"2018-07-06-1445_6",1
"2018-07-06-1445_7",1
"2018-07-06-1445_8",0
"2018-07-06-1445_9",1
"2018-07-06-1450_1",1
"2018-07-06-1450_10",1
"2018-07-06-1450_11",1
"2018-07-06-1450_12",0
"2018-07-06-1450_13",0
"2018-07-06-1450_14",0
"2018-07-06-1450_15",1
"2018-07-06-1450_16",1
"2018-07-06-1450_17",0
"2018-07-06-1450_18",1
"2018-07-06-1450_19",0
"2018-07-06-1450_2",1
"2018-07-06-1450_20",1
"2018-07-06-1450_21",1
"2018-07-06-1450_22",1
"2018-07-06-1450_23",1
"2018-07-06-1450_24",0
"2018-07-06-1450_25",0
"2018-07-06-1450_26",0
"2018-07-06-1450_27",0
"2018-07-06-1450_28",0
"2018-07-06-1450_29",0
"2018-07-06-1450_3",0
"2018-07-06-1450_30",1
"2018-07-06-1450_31",0
"2018-07-06-1450_32",0
"2018-07-06-1450_33",0
"2018-07-06-1450_34",0
"2018-07-06-1450_35",0
"2018-07-06-1450_36",0
"2018-07-06-1450_4",0
"2018-07-06-1450_5",1
"2018-07-06-1450_6",1
"2018-07-06-1450_7",1
"2018-07-06-1450_8",0
"2018-07-06-1450_9",1
"2018-07-06-1455_1",1
"2018-07-06-1455_10",1
"2018-07-06-1455_11",1
"2018-07-06-1455_12",0
"2018-07-06-1455_13",0
"2018-07-06-1455_14",0
"2018-07-06-1455_15",1
"2018-07-06-1455_16",1
"2018-07-06-1455_17",0
"2018-07-06-1455_18",1
"2018-07-06-1455_19",0
"2018-07-06-1455_2",1
"2018-07-06-1455_20",1
"2018-07-06-1455_21",1
"2018-07-06-1455_22",1
"2018-07-06-1455_23",0
"2018-07-06-1455_24",0
"2018-07-06-1455_25",0
"2018-07-06-1455_26",0
"2018-07-06-1455_27",0
"2018-07-06-1455_28",0
"2018-07-06-1455_29",0
"2018-07-06-1455_3",0
"2018-07-06-1455_30",1
"2018-07-06-1455_31",0
"2018-07-06-1455_32",0
"2018-07-06-1455_33",0
"2018-07-06-1455_34",0
"2018-07-06-1455_35",0
"2018-07-06-1455_36",0
"2018-07-06-1455_4",1
"2018-07-06-1455_5",1
"2018-07-06-1455_6",1
"2018-07-06-1455_7",1
"2018-07-06-1455_8",0
"2018-07-06-1455_9",1
"2018-07-06-1500_1",1
"2018-07-06-1500_10",1
"2018-07-06-1500_11",1
"2018-07-06-1500_12",0
"2018-07-06-1500_13",0
"2018-07-06-1500_14",0
"2018-07-06-1500_15",1
"2018-07-06-1500_16",1
"2018-07-06-1500_17",0
"2018-07-06-1500_18",1
"2018-07-06-1500_19",0
"2018-07-06-1500_2",1
"2018-07-06-1500_20",1
"2018-07-06-1500_21",1
"2018-07-06-1500_22",1
"2018-07-06-1500_23",0
"2018-07-06-1500_24",0
"2018-07-06-1500_25",0
"2018-07-06-1500_26",0
"2018-07-06-1500_27",0
"2018-07-06-1500_28",0
"2018-07-06-1500_29",0
"2018-07-06-1500_3",1
"2018-07-06-1500_30",1
"2018-07-06-1500_31",0
"2018-07-06-1500_32",0
"2018-07-06-1500_33",0
"2018-07-06-1500_34",0
"2018-07-06-1500_35",0
"2018-07-06-1500_36",0
"2018-07-06-1500_4",1
"2018-07-06-1500_5",1
"2018-07-06-1500_6",1
"2018-07-06-1500_7",1
"2018-07-06-1500_8",0
"2018-07-06-1500_9",1
"2018-07-06-1505_1",1
"2018-07-06-1505_10",1
"2018-07-06-1505_11",0
"2018-07-06-1505_12",0
"2018-07-06-1505_13",0
"2018-07-06-1505_14",0
"2018-07-06-1505_15",1
"2018-07-06-1505_16",1
"2018-07-06-1505_17",0
"2018-07-06-1505_18",1
"2018-07-06-1505_19",0
"2018-07-06-1505_2",1
"2018-07-06-1505_20",1
"2018-07-06-1505_21",1
"2018-07-06-1505_22",1
"2018-07-06-1505_23",0
"2018-07-06-1505_24",0
"2018-07-06-1505_25",0
"2018-07-06-1505_26",0
"2018-07-06-1505_27",0
"2018-07-06-1505_28",0
"2018-07-06-1505_29",0
"2018-07-06-1505_3",1
"2018-07-06-1505_30",1
"2018-07-06-1505_31",0
"2018-07-06-1505_32",0
"2018-07-06-1505_33",0
"2018-07-06-1505_34",0
"2018-07-06-1505_35",0
"2018-07-06-1505_36",0
"2018-07-06-1505_4",1
"2018-07-06-1505_5",1
"2018-07-06-1505_6",1
"2018-07-06-1505_7",1
"2018-07-06-1505_8",0
"2018-07-06-1505_9",1
"2018-07-06-1510_1",1
"2018-07-06-1510_10",1
"2018-07-06-1510_11",0
"2018-07-06-1510_12",0
"2018-07-06-1510_13",0
"2018-07-06-1510_14",0
"2018-07-06-1510_15",1
"2018-07-06-1510_16",1
"2018-07-06-1510_17",0
"2018-07-06-1510_18",1
"2018-07-06-1510_19",0
"2018-07-06-1510_2",1
"2018-07-06-1510_20",1
"2018-07-06-1510_21",1
"2018-07-06-1510_22",1
"2018-07-06-1510_23",0
"2018-07-06-1510_24",0
"2018-07-06-1510_25",0
"2018-07-06-1510_26",0
"2018-07-06-1510_27",0
"2018-07-06-1510_28",0
"2018-07-06-1510_29",0
"2018-07-06-1510_3",1
"2018-07-06-1510_30",1
"2018-07-06-1510_31",0
"2018-07-06-1510_32",0
"2018-07-06-1510_33",0
"2018-07-06-1510_34",0
"2018-07-06-1510_35",0
"2018-07-06-1510_36",0
"2018-07-06-1510_4",1
"2018-07-06-1510_5",1
"2018-07-06-1510_6",1
"2018-07-06-1510_7",1
"2018-07-06-1510_8",0
"2018-07-06-1510_9",1
"2018-07-06-1515_1",1
"2018-07-06-1515_10",1
"2018-07-06-1515_11",0
"2018-07-06-1515_12",0
"2018-07-06-1515_13",0
"2018-07-06-1515_14",0
"2018-07-06-1515_15",1
"2018-07-06-1515_16",1
"2018-07-06-1515_17",0
"2018-07-06-1515_18",1
"2018-07-06-1515_19",0
"2018-07-06-1515_2",1
"2018-07-06-1515_20",1
"2018-07-06-1515_21",1
"2018-07-06-1515_22",1
"2018-07-06-1515_23",1
"2018-07-06-1515_24",0
"2018-07-06-1515_25",0
"2018-07-06-1515_26",0
"2018-07-06-1515_27",0
"2018-07-06-1515_28",0
"2018-07-06-1515_29",0
"2018-07-06-1515_3",1
"2018-07-06-1515_30",1
"2018-07-06-1515_31",0
"2018-07-06-1515_32",0
"2018-07-06-1515_33",0
"2018-07-06-1515_34",0
"2018-07-06-1515_35",0
"2018-07-06-1515_36",0
"2018-07-06-1515_4",1
"2018-07-06-1515_5",1
"2018-07-06-1515_6",1
"2018-07-06-1515_7",1
"2018-07-06-1515_8",0
"2018-07-06-1515_9",1
"2018-07-06-1520_1",1
"2018-07-06-1520_10",1
"2018-07-06-1520_11",0
"2018-07-06-1520_12",0
"2018-07-06-1520_13",0
"2018-07-06-1520_14",0
"2018-07-06-1520_15",1
"2018-07-06-1520_16",1
"2018-07-06-1520_17",0
"2018-07-06-1520_18",1
"2018-07-06-1520_19",0
"2018-07-06-1520_2",1
"2018-07-06-1520_20",1
"2018-07-06-1520_21",1
"2018-07-06-1520_22",1
"2018-07-06-1520_23",1
"2018-07-06-1520_24",1
"2018-07-06-1520_25",0
"2018-07-06-1520_26",0
"2018-07-06-1520_27",0
"2018-07-06-1520_28",0
"2018-07-06-1520_29",0
"2018-07-06-1520_3",1
"2018-07-06-1520_30",1
"2018-07-06-1520_31",0
"2018-07-06-1520_32",0
"2018-07-06-1520_33",0
"2018-07-06-1520_34",0
"2018-07-06-1520_35",0
"2018-07-06-1520_36",0
"2018-07-06-1520_4",1
"2018-07-06-1520_5",1
"2018-07-06-1520_6",1
"2018-07-06-1520_7",1
"2018-07-06-1520_8",0
"2018-07-06-1520_9",1
"2018-07-06-1525_1",1
"2018-07-06-1525_10",1
"2018-07-06-1525_11",0
"2018-07-06-1525_12",0
"2018-07-06-1525_13",0
"2018-07-06-1525_14",0
"2018-07-06-1525_15",1
"2018-07-06-1525_16",1
"2018-07-06-1525_17",0
"2018-07-06-1525_18",1
"2018-07-06-1525_19",0
"2018-07-06-1525_2",1
"2018-07-06-1525_20",1
"2018-07-06-1525_21",1
"2018-07-06-1525_22",1
"2018-07-06-1525_23",1
"2018-07-06-1525_24",1
"2018-07-06-1525_25",0
"2018-07-06-1525_26",0
"2018-07-06-1525_27",0
"2018-07-06-1525_28",0
"2018-07-06-1525_29",0
"2018-07-06-1525_3",1
"2018-07-06-1525_30",1
"2018-07-06-1525_31",0
"2018-07-06-1525_32",0
"2018-07-06-1525_33",0
"2018-07-06-1525_34",0
"2018-07-06-1525_35",0
"2018-07-06-1525_36",0
"2018-07-06-1525_4",1
"2018-07-06-1525_5",1
"2018-07-06-1525_6",1
"2018-07-06-1525_7",0
"2018-07-06-1525_8",0
"2018-07-06-1525_9",1
"2018-07-06-1530_1",1
"2018-07-06-1530_10",1
"2018-07-06-1530_11",0
"2018-07-06-1530_12",0
"2018-07-06-1530_13",0
"2018-07-06-1530_14",0
"2018-07-06-1530_15",0
"2018-07-06-1530_16",1
"2018-07-06-1530_17",0
"2018-07-06-1530_18",1
"2018-07-06-1530_19",0
"2018-07-06-1530_2",1
"2018-07-06-1530_20",1
"2018-07-06-1530_21",1
"2018-07-06-1530_22",1
"2018-07-06-1530_23",1
"2018-07-06-1530_24",0
"2018-07-06-1530_25",0
"2018-07-06-1530_26",0
"2018-07-06-1530_27",0
"2018-07-06-1530_28",0
"2018-07-06-1530_29",0
"2018-07-06-1530_3",1
"2018-07-06-1530_30",1
"2018-07-06-1530_31",0
"2018-07-06-1530_32",0
"2018-07-06-1530_33",0
"2018-07-06-1530_34",0
"2018-07-06-1530_35",0
"2018-07-06-1530_36",0
"2018-07-06-1530_4",1
"2018-07-06-1530_5",1
"2018-07-06-1530_6",1
"2018-07-06-1530_7",0
"2018-07-06-1530_8",0
"2018-07-06-1530_9",1
"2018-07-06-1535_1",1
"2018-07-06-1535_10",1
"2018-07-06-1535_11",0
"2018-07-06-1535_12",0
"2018-07-06-1535_13",0
"2018-07-06-1535_14",0
"2018-07-06-1535_15",1
"2018-07-06-1535_16",1
"2018-07-06-1535_17",0
"2018-07-06-1535_18",1
"2018-07-06-1535_19",0
"2018-07-06-1535_2",1
"2018-07-06-1535_20",1
"2018-07-06-1535_21",1
"2018-07-06-1535_22",1
"2018-07-06-1535_23",1
"2018-07-06-1535_24",0
"2018-07-06-1535_25",0
"2018-07-06-1535_26",0
"2018-07-06-1535_27",0
"2018-07-06-1535_28",0
"2018-07-06-1535_29",0
"2018-07-06-1535_3",1
"2018-07-06-1535_30",1
"2018-07-06-1535_31",0
"2018-07-06-1535_32",0
"2018-07-06-1535_33",0
"2018-07-06-1535_34",0
"2018-07-06-1535_35",0
"2018-07-06-1535_36",0
"2018-07-06-1535_4",1
"2018-07-06-1535_5",1
"2018-07-06-1535_6",1
"2018-07-06-1535_7",0
"2018-07-06-1535_8",0
"2018-07-06-1535_9",1
"2018-07-06-1540_1",1
"2018-07-06-1540_10",1
"2018-07-06-1540_11",0
"2018-07-06-1540_12",0
"2018-07-06-1540_13",0
"2018-07-06-1540_14",0
"2018-07-06-1540_15",1
"2018-07-06-1540_16",1
"2018-07-06-1540_17",0
"2018-07-06-1540_18",1
"2018-07-06-1540_19",0
"2018-07-06-1540_2",1
"2018-07-06-1540_20",1
"2018-07-06-1540_21",1
"2018-07-06-1540_22",1
"2018-07-06-1540_23",1
"2018-07-06-1540_24",0
"2018-07-06-1540_25",0
"2018-07-06-1540_26",0
"2018-07-06-1540_27",0
"2018-07-06-1540_28",0
"2018-07-06-1540_29",0
"2018-07-06-1540_3",0
"2018-07-06-1540_30",1
"2018-07-06-1540_31",0
"2018-07-06-1540_32",0
"2018-07-06-1540_33",0
"2018-07-06-1540_34",0
"2018-07-06-1540_35",0
"2018-07-06-1540_36",0
"2018-07-06-1540_4",1
"2018-07-06-1540_5",1
"2018-07-06-1540_6",1
"2018-07-06-1540_7",0
"2018-07-06-1540_8",0
"2018-07-06-1540_9",1
"2018-07-06-1545_1",1
"2018-07-06-1545_10",1
"2018-07-06-1545_11",0
"2018-07-06-1545_12",0
"2018-07-06-1545_13",0
"2018-07-06-1545_14",0
"2018-07-06-1545_15",1
"2018-07-06-1545_16",1
"2018-07-06-1545_17",0
"2018-07-06-1545_18",1
"2018-07-06-1545_19",0
"2018-07-06-1545_2",1
"2018-07-06-1545_20",1
"2018-07-06-1545_21",1
"2018-07-06-1545_22",0
"2018-07-06-1545_23",1
"2018-07-06-1545_24",0
"2018-07-06-1545_25",0
"2018-07-06-1545_26",0
"2018-07-06-1545_27",0
"2018-07-06-1545_28",0
"2018-07-06-1545_29",0
"2018-07-06-1545_3",1
"2018-07-06-1545_30",1
"2018-07-06-1545_31",0
"2018-07-06-1545_32",0
"2018-07-06-1545_33",0
"2018-07-06-1545_34",0
"2018-07-06-1545_35",0
"2018-07-06-1545_36",0
"2018-07-06-1545_4",1
"2018-07-06-1545_5",1
"2018-07-06-1545_6",1
"2018-07-06-1545_7",0
"2018-07-06-1545_8",0
"2018-07-06-1545_9",1
"2018-07-06-1550_1",1
"2018-07-06-1550_10",1
"2018-07-06-1550_11",0
"2018-07-06-1550_12",0
"2018-07-06-1550_13",0
"2018-07-06-1550_14",0
"2018-07-06-1550_15",1
"2018-07-06-1550_16",1
"2018-07-06-1550_17",0
"2018-07-06-1550_18",1
"2018-07-06-1550_19",0
"2018-07-06-1550_2",1
"2018-07-06-1550_20",1
"2018-07-06-1550_21",1
"2018-07-06-1550_22",0
"2018-07-06-1550_23",1
"2018-07-06-1550_24",0
"2018-07-06-1550_25",0
"2018-07-06-1550_26",0
"2018-07-06-1550_27",0
"2018-07-06-1550_28",0
"2018-07-06-1550_29",0
"2018-07-06-1550_3",1
"2018-07-06-1550_30",1
"2018-07-06-1550_31",0
"2018-07-06-1550_32",0
"2018-07-06-1550_33",0
"2018-07-06-1550_34",0
"2018-07-06-1550_35",0
"2018-07-06-1550_36",0
"2018-07-06-1550_4",1
"2018-07-06-1550_5",1
"2018-07-06-1550_6",1
"2018-07-06-1550_7",0
"2018-07-06-1550_8",0
"2018-07-06-1550_9",1
"2018-07-06-1555_1",1
"2018-07-06-1555_10",1
"2018-07-06-1555_11",0
"2018-07-06-1555_12",0
"2018-07-06-1555_13",0
"2018-07-06-1555_14",0
"2018-07-06-1555_15",1
"2018-07-06-1555_16",1
"2018-07-06-1555_17",0
"2018-07-06-1555_18",1
"2018-07-06-1555_19",0
"2018-07-06-1555_2",1
"2018-07-06-1555_20",1
"2018-07-06-1555_21",1
"2018-07-06-1555_22",0
"2018-07-06-1555_23",1
"2018-07-06-1555_24",0
"2018-07-06-1555_25",0
"2018-07-06-1555_26",0
"2018-07-06-1555_27",0
"2018-07-06-1555_28",0
"2018-07-06-1555_29",0
"2018-07-06-1555_3",1
"2018-07-06-1555_30",1
"2018-07-06-1555_31",0
"2018-07-06-1555_32",0
"2018-07-06-1555_33",0
"2018-07-06-1555_34",0
"2018-07-06-1555_35",0
"2018-07-06-1555_36",0
"2018-07-06-1555_4",1
"2018-07-06-1555_5",1
"2018-07-06-1555_6",1
"2018-07-06-1555_7",0
"2018-07-06-1555_8",0
"2018-07-06-1555_9",1
"2018-07-06-1600_1",1
"2018-07-06-1600_10",1
"2018-07-06-1600_11",0
"2018-07-06-1600_12",0
"2018-07-06-1600_13",0
"2018-07-06-1600_14",0
"2018-07-06-1600_15",1
"2018-07-06-1600_16",1
"2018-07-06-1600_17",0
"2018-07-06-1600_18",1
"2018-07-06-1600_19",0
"2018-07-06-1600_2",1
"2018-07-06-1600_20",1
"2018-07-06-1600_21",1
"2018-07-06-1600_22",0
"2018-07-06-1600_23",1
"2018-07-06-1600_24",0
"2018-07-06-1600_25",0
"2018-07-06-1600_26",0
"2018-07-06-1600_27",0
"2018-07-06-1600_28",0
"2018-07-06-1600_29",0
"2018-07-06-1600_3",1
"2018-07-06-1600_30",1
"2018-07-06-1600_31",0
"2018-07-06-1600_32",0
"2018-07-06-1600_33",0
"2018-07-06-1600_34",0
"2018-07-06-1600_35",0
"2018-07-06-1600_36",0
"2018-07-06-1600_4",1
"2018-07-06-1600_5",1
"2018-07-06-1600_6",1
"2018-07-06-1600_7",0
"2018-07-06-1600_8",0
"2018-07-06-1600_9",1
"2018-07-06-1605_1",1
"2018-07-06-1605_10",1
"2018-07-06-1605_11",0
"2018-07-06-1605_12",0
"2018-07-06-1605_13",0
"2018-07-06-1605_14",0
"2018-07-06-1605_15",1
"2018-07-06-1605_16",1
"2018-07-06-1605_17",0
"2018-07-06-1605_18",1
"2018-07-06-1605_19",0
"2018-07-06-1605_2",1
"2018-07-06-1605_20",0
"2018-07-06-1605_21",1
"2018-07-06-1605_22",0
"2018-07-06-1605_23",1
"2018-07-06-1605_24",0
"2018-07-06-1605_25",0
"2018-07-06-1605_26",0
"2018-07-06-1605_27",0
"2018-07-06-1605_28",0
"2018-07-06-1605_29",0
"2018-07-06-1605_3",1
"2018-07-06-1605_30",1
"2018-07-06-1605_31",0
"2018-07-06-1605_32",0
"2018-07-06-1605_33",0
"2018-07-06-1605_34",0
"2018-07-06-1605_35",0
"2018-07-06-1605_36",0
"2018-07-06-1605_4",1
"2018-07-06-1605_5",1
"2018-07-06-1605_6",1
"2018-07-06-1605_7",0
"2018-07-06-1605_8",0
"2018-07-06-1605_9",1
"2018-07-06-1610_1",1
"2018-07-06-1610_10",1
"2018-07-06-1610_11",0
"2018-07-06-1610_12",0
"2018-07-06-1610_13",0
"2018-07-06-1610_14",0
"2018-07-06-1610_15",1
"2018-07-06-1610_16",1
"2018-07-06-1610_17",0
"2018-07-06-1610_18",0
"2018-07-06-1610_19",0
"2018-07-06-1610_2",1
"2018-07-06-1610_20",1
"2018-07-06-1610_21",1
"2018-07-06-1610_22",0
"2018-07-06-1610_23",1
"2018-07-06-1610_24",0
"2018-07-06-1610_25",0
"2018-07-06-1610_26",0
"2018-07-06-1610_27",0
"2018-07-06-1610_28",0
"2018-07-06-1610_29",0
"2018-07-06-1610_3",1
"2018-07-06-1610_30",1
"2018-07-06-1610_31",0
"2018-07-06-1610_32",0
"2018-07-06-1610_33",0
"2018-07-06-1610_34",0
"2018-07-06-1610_35",0
"2018-07-06-1610_36",0
"2018-07-06-1610_4",1
"2018-07-06-1610_5",1
"2018-07-06-1610_6",1
"2018-07-06-1610_7",0
"2018-07-06-1610_8",0
"2018-07-06-1610_9",1
"2018-07-06-1615_1",1
"2018-07-06-1615_10",1
"2018-07-06-1615_11",0
"2018-07-06-1615_12",0
"2018-07-06-1615_13",0
"2018-07-06-1615_14",0
"2018-07-06-1615_15",1
"2018-07-06-1615_16",1
"2018-07-06-1615_17",0
"2018-07-06-1615_18",1
"2018-07-06-1615_19",0
"2018-07-06-1615_2",0
"2018-07-06-1615_20",1
"2018-07-06-1615_21",1
"2018-07-06-1615_22",0
"2018-07-06-1615_23",1
"2018-07-06-1615_24",0
"2018-07-06-1615_25",0
"2018-07-06-1615_26",0
"2018-07-06-1615_27",0
"2018-07-06-1615_28",0
"2018-07-06-1615_29",0
"2018-07-06-1615_3",1
"2018-07-06-1615_30",1
"2018-07-06-1615_31",0
"2018-07-06-1615_32",0
"2018-07-06-1615_33",0
"2018-07-06-1615_34",0
"2018-07-06-1615_35",0
"2018-07-06-1615_36",0
"2018-07-06-1615_4",1
"2018-07-06-1615_5",0
"2018-07-06-1615_6",0
"2018-07-06-1615_7",0
"2018-07-06-1615_8",0
"2018-07-06-1615_9",1
"2018-07-06-1620_1",1
"2018-07-06-1620_10",1
"2018-07-06-1620_11",0
"2018-07-06-1620_12",0
"2018-07-06-1620_13",0
"2018-07-06-1620_14",0
"2018-07-06-1620_15",1
"2018-07-06-1620_16",1
"2018-07-06-1620_17",0
"2018-07-06-1620_18",1
"2018-07-06-1620_19",0
"2018-07-06-1620_2",1
"2018-07-06-1620_20",1
"2018-07-06-1620_21",1
"2018-07-06-1620_22",0
"2018-07-06-1620_23",0
"2018-07-06-1620_24",0
"2018-07-06-1620_25",0
"2018-07-06-1620_26",0
"2018-07-06-1620_27",0
"2018-07-06-1620_28",0
"2018-07-06-1620_29",0
"2018-07-06-1620_3",1
"2018-07-06-1620_30",1
"2018-07-06-1620_31",0
"2018-07-06-1620_32",0
"2018-07-06-1620_33",0
"2018-07-06-1620_34",0
"2018-07-06-1620_35",0
"2018-07-06-1620_36",0
"2018-07-06-1620_4",1
"2018-07-06-1620_5",1
"2018-07-06-1620_6",1
"2018-07-06-1620_7",0
"2018-07-06-1620_8",0
"2018-07-06-1620_9",1
"2018-07-06-1625_1",1
"2018-07-06-1625_10",1
"2018-07-06-1625_11",0
"2018-07-06-1625_12",0
"2018-07-06-1625_13",0
"2018-07-06-1625_14",0
"2018-07-06-1625_15",1
"2018-07-06-1625_16",1
"2018-07-06-1625_17",0
"2018-07-06-1625_18",1
"2018-07-06-1625_19",0
"2018-07-06-1625_2",1
"2018-07-06-1625_20",1
"2018-07-06-1625_21",1
"2018-07-06-1625_22",0
"2018-07-06-1625_23",0
"2018-07-06-1625_24",0
"2018-07-06-1625_25",0
"2018-07-06-1625_26",0
"2018-07-06-1625_27",0
"2018-07-06-1625_28",0
"2018-07-06-1625_29",0
"2018-07-06-1625_3",1
"2018-07-06-1625_30",1
"2018-07-06-1625_31",0
"2018-07-06-1625_32",0
"2018-07-06-1625_33",0
"2018-07-06-1625_34",0
"2018-07-06-1625_35",0
"2018-07-06-1625_36",0
"2018-07-06-1625_4",1
"2018-07-06-1625_5",1
"2018-07-06-1625_6",1
"2018-07-06-1625_7",0
"2018-07-06-1625_8",0
"2018-07-06-1625_9",1
"2018-07-06-1630_1",1
"2018-07-06-1630_10",1
"2018-07-06-1630_11",0
"2018-07-06-1630_12",0
"2018-07-06-1630_13",0
"2018-07-06-1630_14",0
"2018-07-06-1630_15",1
"2018-07-06-1630_16",1
"2018-07-06-1630_17",0
"2018-07-06-1630_18",1
"2018-07-06-1630_19",0
"2018-07-06-1630_2",1
"2018-07-06-1630_20",1
"2018-07-06-1630_21",1
"2018-07-06-1630_22",0
"2018-07-06-1630_23",0
"2018-07-06-1630_24",0
"2018-07-06-1630_25",0
"2018-07-06-1630_26",0
"2018-07-06-1630_27",0
"2018-07-06-1630_28",0
"2018-07-06-1630_29",0
"2018-07-06-1630_3",1
"2018-07-06-1630_30",1
"2018-07-06-1630_31",0
"2018-07-06-1630_32",0
"2018-07-06-1630_33",0
"2018-07-06-1630_34",0
"2018-07-06-1630_35",0
"2018-07-06-1630_36",0
"2018-07-06-1630_4",1
"2018-07-06-1630_5",1
"2018-07-06-1630_6",1
"2018-07-06-1630_7",0
"2018-07-06-1630_8",0
"2018-07-06-1630_9",1
"2018-07-06-1635_1",1
"2018-07-06-1635_10",1
"2018-07-06-1635_11",0
"2018-07-06-1635_12",0
"2018-07-06-1635_13",0
"2018-07-06-1635_14",0
"2018-07-06-1635_15",1
"2018-07-06-1635_16",1
"2018-07-06-1635_17",0
"2018-07-06-1635_18",1
"2018-07-06-1635_19",0
"2018-07-06-1635_2",1
"2018-07-06-1635_20",1
"2018-07-06-1635_21",1
"2018-07-06-1635_22",0
"2018-07-06-1635_23",0
"2018-07-06-1635_24",0
"2018-07-06-1635_25",0
"2018-07-06-1635_26",0
"2018-07-06-1635_27",0
"2018-07-06-1635_28",0
"2018-07-06-1635_29",0
"2018-07-06-1635_3",1
"2018-07-06-1635_30",1
"2018-07-06-1635_31",0
"2018-07-06-1635_32",0
"2018-07-06-1635_33",0
"2018-07-06-1635_34",0
"2018-07-06-1635_35",0
"2018-07-06-1635_36",0
"2018-07-06-1635_4",0
"2018-07-06-1635_5",1
"2018-07-06-1635_6",1
"2018-07-06-1635_7",0
"2018-07-06-1635_8",0
"2018-07-06-1635_9",1
"2018-07-06-1640_1",1
"2018-07-06-1640_10",1
"2018-07-06-1640_11",0
"2018-07-06-1640_12",0
"2018-07-06-1640_13",0
"2018-07-06-1640_14",0
"2018-07-06-1640_15",1
"2018-07-06-1640_16",1
"2018-07-06-1640_17",0
"2018-07-06-1640_18",1
"2018-07-06-1640_19",0
"2018-07-06-1640_2",1
"2018-07-06-1640_20",1
"2018-07-06-1640_21",1
"2018-07-06-1640_22",0
"2018-07-06-1640_23",0
"2018-07-06-1640_24",0
"2018-07-06-1640_25",0
"2018-07-06-1640_26",0
"2018-07-06-1640_27",0
"2018-07-06-1640_28",0
"2018-07-06-1640_29",0
"2018-07-06-1640_3",1
"2018-07-06-1640_30",1
"2018-07-06-1640_31",0
"2018-07-06-1640_32",0
"2018-07-06-1640_33",0
"2018-07-06-1640_34",0
"2018-07-06-1640_35",0
"2018-07-06-1640_36",0
"2018-07-06-1640_4",0
"2018-07-06-1640_5",1
"2018-07-06-1640_6",1
"2018-07-06-1640_7",0
"2018-07-06-1640_8",0
"2018-07-06-1640_9",1
"2018-07-06-1645_1",1
"2018-07-06-1645_10",1
"2018-07-06-1645_11",0
"2018-07-06-1645_12",0
"2018-07-06-1645_13",0
"2018-07-06-1645_14",0
"2018-07-06-1645_15",1
"2018-07-06-1645_16",1
"2018-07-06-1645_17",0
"2018-07-06-1645_18",1
"2018-07-06-1645_19",0
"2018-07-06-1645_2",1
"2018-07-06-1645_20",1
"2018-07-06-1645_21",1
"2018-07-06-1645_22",0
"2018-07-06-1645_23",0
"2018-07-06-1645_24",0
"2018-07-06-1645_25",0
"2018-07-06-1645_26",0
"2018-07-06-1645_27",0
"2018-07-06-1645_28",0
"2018-07-06-1645_29",0
"2018-07-06-1645_3",1
"2018-07-06-1645_30",1
"2018-07-06-1645_31",0
"2018-07-06-1645_32",0
"2018-07-06-1645_33",0
"2018-07-06-1645_34",0
"2018-07-06-1645_35",0
"2018-07-06-1645_36",0
"2018-07-06-1645_4",0
"2018-07-06-1645_5",1
"2018-07-06-1645_6",1
"2018-07-06-1645_7",0
"2018-07-06-1645_8",0
"2018-07-06-1645_9",1
"2018-07-06-1650_1",1
"2018-07-06-1650_10",1
"2018-07-06-1650_11",0
"2018-07-06-1650_12",0
"2018-07-06-1650_13",0
"2018-07-06-1650_14",0
"2018-07-06-1650_15",1
"2018-07-06-1650_16",1
"2018-07-06-1650_17",0
"2018-07-06-1650_18",1
"2018-07-06-1650_19",0
"2018-07-06-1650_2",1
"2018-07-06-1650_20",1
"2018-07-06-1650_21",1
"2018-07-06-1650_22",0
"2018-07-06-1650_23",0
"2018-07-06-1650_24",0
"2018-07-06-1650_25",0
"2018-07-06-1650_26",0
"2018-07-06-1650_27",0
"2018-07-06-1650_28",0
"2018-07-06-1650_29",0
"2018-07-06-1650_3",1
"2018-07-06-1650_30",1
"2018-07-06-1650_31",0
"2018-07-06-1650_32",0
"2018-07-06-1650_33",0
"2018-07-06-1650_34",0
"2018-07-06-1650_35",0
"2018-07-06-1650_36",0
"2018-07-06-1650_4",0
"2018-07-06-1650_5",1
"2018-07-06-1650_6",1
"2018-07-06-1650_7",0
"2018-07-06-1650_8",0
"2018-07-06-1650_9",1
"2018-07-06-1655_1",1
"2018-07-06-1655_10",1
"2018-07-06-1655_11",0
"2018-07-06-1655_12",0
"2018-07-06-1655_13",0
"2018-07-06-1655_14",0
"2018-07-06-1655_15",1
"2018-07-06-1655_16",1
"2018-07-06-1655_17",0
"2018-07-06-1655_18",1
"2018-07-06-1655_19",0
"2018-07-06-1655_2",1
"2018-07-06-1655_20",1
"2018-07-06-1655_21",1
"2018-07-06-1655_22",0
"2018-07-06-1655_23",0
"2018-07-06-1655_24",0
"2018-07-06-1655_25",0
"2018-07-06-1655_26",0
"2018-07-06-1655_27",0
"2018-07-06-1655_28",0
"2018-07-06-1655_29",0
"2018-07-06-1655_3",1
"2018-07-06-1655_30",1
"2018-07-06-1655_31",0
"2018-07-06-1655_32",0
"2018-07-06-1655_33",0
"2018-07-06-1655_34",0
"2018-07-06-1655_35",0
"2018-07-06-1655_36",0
"2018-07-06-1655_4",0
"2018-07-06-1655_5",0
"2018-07-06-1655_6",1
"2018-07-06-1655_7",0
"2018-07-06-1655_8",1
"2018-07-06-1655_9",1
"2018-07-06-1700_1",1
"2018-07-06-1700_10",1
"2018-07-06-1700_11",0
"2018-07-06-1700_12",0
"2018-07-06-1700_13",0
"2018-07-06-1700_14",0
"2018-07-06-1700_15",1
"2018-07-06-1700_16",1
"2018-07-06-1700_17",0
"2018-07-06-1700_18",1
"2018-07-06-1700_19",0
"2018-07-06-1700_2",1
"2018-07-06-1700_20",1
"2018-07-06-1700_21",1
"2018-07-06-1700_22",0
"2018-07-06-1700_23",0
"2018-07-06-1700_24",0
"2018-07-06-1700_25",0
"2018-07-06-1700_26",0
"2018-07-06-1700_27",0
"2018-07-06-1700_28",0
"2018-07-06-1700_29",0
"2018-07-06-1700_3",1
"2018-07-06-1700_30",1
"2018-07-06-1700_31",0
"2018-07-06-1700_32",0
"2018-07-06-1700_33",0
"2018-07-06-1700_34",0
"2018-07-06-1700_35",0
"2018-07-06-1700_36",0
"2018-07-06-1700_4",0
"2018-07-06-1700_5",1
"2018-07-06-1700_6",1
"2018-07-06-1700_7",1
"2018-07-06-1700_8",1
"2018-07-06-1700_9",1
"2018-07-06-1705_1",1
"2018-07-06-1705_10",1
"2018-07-06-1705_11",0
"2018-07-06-1705_12",1
"2018-07-06-1705_13",0
"2018-07-06-1705_14",0
"2018-07-06-1705_15",1
"2018-07-06-1705_16",1
"2018-07-06-1705_17",0
"2018-07-06-1705_18",1
"2018-07-06-1705_19",0
"2018-07-06-1705_2",1
"2018-07-06-1705_20",1
"2018-07-06-1705_21",1
"2018-07-06-1705_22",0
"2018-07-06-1705_23",0
"2018-07-06-1705_24",0
"2018-07-06-1705_25",0
"2018-07-06-1705_26",0
"2018-07-06-1705_27",0
"2018-07-06-1705_28",0
"2018-07-06-1705_29",0
"2018-07-06-1705_3",1
"2018-07-06-1705_30",1
"2018-07-06-1705_31",0
"2018-07-06-1705_32",0
"2018-07-06-1705_33",0
"2018-07-06-1705_34",0
"2018-07-06-1705_35",0
"2018-07-06-1705_36",0
"2018-07-06-1705_4",0
"2018-07-06-1705_5",1
"2018-07-06-1705_6",1
"2018-07-06-1705_7",1
"2018-07-06-1705_8",1
"2018-07-06-1705_9",1
"2018-07-06-1710_1",1
"2018-07-06-1710_10",1
"2018-07-06-1710_11",0
"2018-07-06-1710_12",1
"2018-07-06-1710_13",0
"2018-07-06-1710_14",0
"2018-07-06-1710_15",1
"2018-07-06-1710_16",1
"2018-07-06-1710_17",0
"2018-07-06-1710_18",1
"2018-07-06-1710_19",0
"2018-07-06-1710_2",1
"2018-07-06-1710_20",1
"2018-07-06-1710_21",1
"2018-07-06-1710_22",0
"2018-07-06-1710_23",0
"2018-07-06-1710_24",0
"2018-07-06-1710_25",0
"2018-07-06-1710_26",0
"2018-07-06-1710_27",0
"2018-07-06-1710_28",0
"2018-07-06-1710_29",0
"2018-07-06-1710_3",1
"2018-07-06-1710_30",1
"2018-07-06-1710_31",0
"2018-07-06-1710_32",0
"2018-07-06-1710_33",0
"2018-07-06-1710_34",0
"2018-07-06-1710_35",0
"2018-07-06-1710_36",0
"2018-07-06-1710_4",0
"2018-07-06-1710_5",1
"2018-07-06-1710_6",1
"2018-07-06-1710_7",1
"2018-07-06-1710_8",1
"2018-07-06-1710_9",1
"2018-07-06-1715_1",1
"2018-07-06-1715_10",1
"2018-07-06-1715_11",0
"2018-07-06-1715_12",1
"2018-07-06-1715_13",0
"2018-07-06-1715_14",0
"2018-07-06-1715_15",1
"2018-07-06-1715_16",1
"2018-07-06-1715_17",0
"2018-07-06-1715_18",0
"2018-07-06-1715_19",0
"2018-07-06-1715_2",1
"2018-07-06-1715_20",1
"2018-07-06-1715_21",1
"2018-07-06-1715_22",0
"2018-07-06-1715_23",0
"2018-07-06-1715_24",0
"2018-07-06-1715_25",0
"2018-07-06-1715_26",0
"2018-07-06-1715_27",0
"2018-07-06-1715_28",0
"2018-07-06-1715_29",0
"2018-07-06-1715_3",0
"2018-07-06-1715_30",1
"2018-07-06-1715_31",0
"2018-07-06-1715_32",0
"2018-07-06-1715_33",0
"2018-07-06-1715_34",0
"2018-07-06-1715_35",0
"2018-07-06-1715_36",0
"2018-07-06-1715_4",0
"2018-07-06-1715_5",1
"2018-07-06-1715_6",1
"2018-07-06-1715_7",1
"2018-07-06-1715_8",1
"2018-07-06-1715_9",1
"2018-07-06-1720_1",1
"2018-07-06-1720_10",1
"2018-07-06-1720_11",0
"2018-07-06-1720_12",0
"2018-07-06-1720_13",0
"2018-07-06-1720_14",0
"2018-07-06-1720_15",1
"2018-07-06-1720_16",1
"2018-07-06-1720_17",0
"2018-07-06-1720_18",1
"2018-07-06-1720_19",0
"2018-07-06-1720_2",1
"2018-07-06-1720_20",1
"2018-07-06-1720_21",1
"2018-07-06-1720_22",0
"2018-07-06-1720_23",0
"2018-07-06-1720_24",0
"2018-07-06-1720_25",0
"2018-07-06-1720_26",0
"2018-07-06-1720_27",0
"2018-07-06-1720_28",0
"2018-07-06-1720_29",0
"2018-07-06-1720_3",1
"2018-07-06-1720_30",1
"2018-07-06-1720_31",0
"2018-07-06-1720_32",0
"2018-07-06-1720_33",0
"2018-07-06-1720_34",0
"2018-07-06-1720_35",0
"2018-07-06-1720_36",0
"2018-07-06-1720_4",1
"2018-07-06-1720_5",1
"2018-07-06-1720_6",1
"2018-07-06-1720_7",1
"2018-07-06-1720_8",1
"2018-07-06-1720_9",1
"2018-07-06-1725_1",1
"2018-07-06-1725_10",1
"2018-07-06-1725_11",0
"2018-07-06-1725_12",0
"2018-07-06-1725_13",0
"2018-07-06-1725_14",0
"2018-07-06-1725_15",1
"2018-07-06-1725_16",1
"2018-07-06-1725_17",0
"2018-07-06-1725_18",1
"2018-07-06-1725_19",0
"2018-07-06-1725_2",1
"2018-07-06-1725_20",1
"2018-07-06-1725_21",1
"2018-07-06-1725_22",0
"2018-07-06-1725_23",0
"2018-07-06-1725_24",0
"2018-07-06-1725_25",0
"2018-07-06-1725_26",0
"2018-07-06-1725_27",0
"2018-07-06-1725_28",0
"2018-07-06-1725_29",0
"2018-07-06-1725_3",0
"2018-07-06-1725_30",0
"2018-07-06-1725_31",0
"2018-07-06-1725_32",0
"2018-07-06-1725_33",0
"2018-07-06-1725_34",0
"2018-07-06-1725_35",0
"2018-07-06-1725_36",0
"2018-07-06-1725_4",0
"2018-07-06-1725_5",1
"2018-07-06-1725_6",1
"2018-07-06-1725_7",1
"2018-07-06-1725_8",1
"2018-07-06-1725_9",1
"2018-07-06-1730_1",1
"2018-07-06-1730_10",1
"2018-07-06-1730_11",0
"2018-07-06-1730_12",0
"2018-07-06-1730_13",0
"2018-07-06-1730_14",0
"2018-07-06-1730_15",1
"2018-07-06-1730_16",1
"2018-07-06-1730_17",0
"2018-07-06-1730_18",1
"2018-07-06-1730_19",0
"2018-07-06-1730_2",1
"2018-07-06-1730_20",1
"2018-07-06-1730_21",1
"2018-07-06-1730_22",0
"2018-07-06-1730_23",0
"2018-07-06-1730_24",0
"2018-07-06-1730_25",0
"2018-07-06-1730_26",0
"2018-07-06-1730_27",0
"2018-07-06-1730_28",0
"2018-07-06-1730_29",0
"2018-07-06-1730_3",0
"2018-07-06-1730_30",1
"2018-07-06-1730_31",0
"2018-07-06-1730_32",0
"2018-07-06-1730_33",0
"2018-07-06-1730_34",0
"2018-07-06-1730_35",0
"2018-07-06-1730_36",0
"2018-07-06-1730_4",0
"2018-07-06-1730_5",1
"2018-07-06-1730_6",1
"2018-07-06-1730_7",1
"2018-07-06-1730_8",1
"2018-07-06-1730_9",1
"2018-07-06-1735_1",1
"2018-07-06-1735_10",1
"2018-07-06-1735_11",0
"2018-07-06-1735_12",0
"2018-07-06-1735_13",0
"2018-07-06-1735_14",0
"2018-07-06-1735_15",1
"2018-07-06-1735_16",1
"2018-07-06-1735_17",0
"2018-07-06-1735_18",1
"2018-07-06-1735_19",0
"2018-07-06-1735_2",0
"2018-07-06-1735_20",1
"2018-07-06-1735_21",1
"2018-07-06-1735_22",0
"2018-07-06-1735_23",0
"2018-07-06-1735_24",0
"2018-07-06-1735_25",0
"2018-07-06-1735_26",0
"2018-07-06-1735_27",0
"2018-07-06-1735_28",0
"2018-07-06-1735_29",0
"2018-07-06-1735_3",0
"2018-07-06-1735_30",1
"2018-07-06-1735_31",0
"2018-07-06-1735_32",0
"2018-07-06-1735_33",0
"2018-07-06-1735_34",0
"2018-07-06-1735_35",0
"2018-07-06-1735_36",0
"2018-07-06-1735_4",0
"2018-07-06-1735_5",0
"2018-07-06-1735_6",1
"2018-07-06-1735_7",1
"2018-07-06-1735_8",1
"2018-07-06-1735_9",1
"2018-07-06-1740_1",1
"2018-07-06-1740_10",0
"2018-07-06-1740_11",0
"2018-07-06-1740_12",0
"2018-07-06-1740_13",0
"2018-07-06-1740_14",0
"2018-07-06-1740_15",0
"2018-07-06-1740_16",1
"2018-07-06-1740_17",0
"2018-07-06-1740_18",1
"2018-07-06-1740_19",0
"2018-07-06-1740_2",0
"2018-07-06-1740_20",1
"2018-07-06-1740_21",1
"2018-07-06-1740_22",0
"2018-07-06-1740_23",0
"2018-07-06-1740_24",0
"2018-07-06-1740_25",0
"2018-07-06-1740_26",0
"2018-07-06-1740_27",0
"2018-07-06-1740_28",0
"2018-07-06-1740_29",0
"2018-07-06-1740_3",0
"2018-07-06-1740_30",1
"2018-07-06-1740_31",0
"2018-07-06-1740_32",0
"2018-07-06-1740_33",0
"2018-07-06-1740_34",0
"2018-07-06-1740_35",0
"2018-07-06-1740_36",0
"2018-07-06-1740_4",0
"2018-07-06-1740_5",1
"2018-07-06-1740_6",1
"2018-07-06-1740_7",1
"2018-07-06-1740_8",1
"2018-07-06-1740_9",1
"2018-07-06-1745_1",1
"2018-07-06-1745_10",0
"2018-07-06-1745_11",0
"2018-07-06-1745_12",0
"2018-07-06-1745_13",0
"2018-07-06-1745_14",0
"2018-07-06-1745_15",0
"2018-07-06-1745_16",0
"2018-07-06-1745_17",0
"2018-07-06-1745_18",1
"2018-07-06-1745_19",0
"2018-07-06-1745_2",0
"2018-07-06-1745_20",1
"2018-07-06-1745_21",1
"2018-07-06-1745_22",0
"2018-07-06-1745_23",0
"2018-07-06-1745_24",0
"2018-07-06-1745_25",0
"2018-07-06-1745_26",0
"2018-07-06-1745_27",0
"2018-07-06-1745_28",0
"2018-07-06-1745_29",0
"2018-07-06-1745_3",0
"2018-07-06-1745_30",0
"2018-07-06-1745_31",0
"2018-07-06-1745_32",0
"2018-07-06-1745_33",0
"2018-07-06-1745_34",0
"2018-07-06-1745_35",0
"2018-07-06-1745_36",0
"2018-07-06-1745_4",0
"2018-07-06-1745_5",1
"2018-07-06-1745_6",1
"2018-07-06-1745_7",1
"2018-07-06-1745_8",0
"2018-07-06-1745_9",1
"2018-07-06-1750_1",1
"2018-07-06-1750_10",0
"2018-07-06-1750_11",0
"2018-07-06-1750_12",0
"2018-07-06-1750_13",0
"2018-07-06-1750_14",0
"2018-07-06-1750_15",0
"2018-07-06-1750_16",1
"2018-07-06-1750_17",0
"2018-07-06-1750_18",1
"2018-07-06-1750_19",0
"2018-07-06-1750_2",0
"2018-07-06-1750_20",0
"2018-07-06-1750_21",1
"2018-07-06-1750_22",0
"2018-07-06-1750_23",0
"2018-07-06-1750_24",0
"2018-07-06-1750_25",0
"2018-07-06-1750_26",0
"2018-07-06-1750_27",0
"2018-07-06-1750_28",0
"2018-07-06-1750_29",0
"2018-07-06-1750_3",0
"2018-07-06-1750_30",0
"2018-07-06-1750_31",0
"2018-07-06-1750_32",0
"2018-07-06-1750_33",0
"2018-07-06-1750_34",0
"2018-07-06-1750_35",0
"2018-07-06-1750_36",0
"2018-07-06-1750_4",0
"2018-07-06-1750_5",1
"2018-07-06-1750_6",1
"2018-07-06-1750_7",1
"2018-07-06-1750_8",0
"2018-07-06-1750_9",1
"2018-07-06-1755_1",1
"2018-07-06-1755_10",0
"2018-07-06-1755_11",0
"2018-07-06-1755_12",0
"2018-07-06-1755_13",0
"2018-07-06-1755_14",0
"2018-07-06-1755_15",0
"2018-07-06-1755_16",0
"2018-07-06-1755_17",0
"2018-07-06-1755_18",1
"2018-07-06-1755_19",0
"2018-07-06-1755_2",0
"2018-07-06-1755_20",1
"2018-07-06-1755_21",1
"2018-07-06-1755_22",0
"2018-07-06-1755_23",0
"2018-07-06-1755_24",0
"2018-07-06-1755_25",0
"2018-07-06-1755_26",0
"2018-07-06-1755_27",0
"2018-07-06-1755_28",0
"2018-07-06-1755_29",0
"2018-07-06-1755_3",0
"2018-07-06-1755_30",0
"2018-07-06-1755_31",0
"2018-07-06-1755_32",0
"2018-07-06-1755_33",0
"2018-07-06-1755_34",0
"2018-07-06-1755_35",0
"2018-07-06-1755_36",0
"2018-07-06-1755_4",0
"2018-07-06-1755_5",1
"2018-07-06-1755_6",1
"2018-07-06-1755_7",1
"2018-07-06-1755_8",0
"2018-07-06-1755_9",1
"2018-07-06-1800_1",1
"2018-07-06-1800_10",0
"2018-07-06-1800_11",0
"2018-07-06-1800_12",0
"2018-07-06-1800_13",0
"2018-07-06-1800_14",0
"2018-07-06-1800_15",0
"2018-07-06-1800_16",0
"2018-07-06-1800_17",0
"2018-07-06-1800_18",1
"2018-07-06-1800_19",0
"2018-07-06-1800_2",0
"2018-07-06-1800_20",1
"2018-07-06-1800_21",1
"2018-07-06-1800_22",0
"2018-07-06-1800_23",0
"2018-07-06-1800_24",0
"2018-07-06-1800_25",0
"2018-07-06-1800_26",0
"2018-07-06-1800_27",0
"2018-07-06-1800_28",0
"2018-07-06-1800_29",0
"2018-07-06-1800_3",0
"2018-07-06-1800_30",0
"2018-07-06-1800_31",0
"2018-07-06-1800_32",0
"2018-07-06-1800_33",0
"2018-07-06-1800_34",0
"2018-07-06-1800_35",0
"2018-07-06-1800_36",0
"2018-07-06-1800_4",0
"2018-07-06-1800_5",0
"2018-07-06-1800_6",1
"2018-07-06-1800_7",1
"2018-07-06-1800_8",0
"2018-07-06-1800_9",1
"2018-07-06-1805_1",1
"2018-07-06-1805_10",0
"2018-07-06-1805_11",0
"2018-07-06-1805_12",0
"2018-07-06-1805_13",0
"2018-07-06-1805_14",0
"2018-07-06-1805_15",0
"2018-07-06-1805_16",0
"2018-07-06-1805_17",0
"2018-07-06-1805_18",1
"2018-07-06-1805_19",0
"2018-07-06-1805_2",0
"2018-07-06-1805_20",1
"2018-07-06-1805_21",1
"2018-07-06-1805_22",0
"2018-07-06-1805_23",0
"2018-07-06-1805_24",0
"2018-07-06-1805_25",0
"2018-07-06-1805_26",0
"2018-07-06-1805_27",0
"2018-07-06-1805_28",0
"2018-07-06-1805_29",0
"2018-07-06-1805_3",0
"2018-07-06-1805_30",0
"2018-07-06-1805_31",0
"2018-07-06-1805_32",0
"2018-07-06-1805_33",0
"2018-07-06-1805_34",0
"2018-07-06-1805_35",0
"2018-07-06-1805_36",0
"2018-07-06-1805_4",0
"2018-07-06-1805_5",1
"2018-07-06-1805_6",1
"2018-07-06-1805_7",1
"2018-07-06-1805_8",0
"2018-07-06-1805_9",1
"2018-07-06-1810_1",1
"2018-07-06-1810_10",0
"2018-07-06-1810_11",0
"2018-07-06-1810_12",0
"2018-07-06-1810_13",0
"2018-07-06-1810_14",0
"2018-07-06-1810_15",0
"2018-07-06-1810_16",0
"2018-07-06-1810_17",0
"2018-07-06-1810_18",1
"2018-07-06-1810_19",0
"2018-07-06-1810_2",0
"2018-07-06-1810_20",1
"2018-07-06-1810_21",1
"2018-07-06-1810_22",0
"2018-07-06-1810_23",0
"2018-07-06-1810_24",0
"2018-07-06-1810_25",0
"2018-07-06-1810_26",0
"2018-07-06-1810_27",0
"2018-07-06-1810_28",0
"2018-07-06-1810_29",0
"2018-07-06-1810_3",0
"2018-07-06-1810_30",0
"2018-07-06-1810_31",0
"2018-07-06-1810_32",0
"2018-07-06-1810_33",0
"2018-07-06-1810_34",0
"2018-07-06-1810_35",0
"2018-07-06-1810_36",0
"2018-07-06-1810_4",0
"2018-07-06-1810_5",1
"2018-07-06-1810_6",1
"2018-07-06-1810_7",1
"2018-07-06-1810_8",0
"2018-07-06-1810_9",1
"2018-07-06-1815_1",1
"2018-07-06-1815_10",0
"2018-07-06-1815_11",0
"2018-07-06-1815_12",0
"2018-07-06-1815_13",0
"2018-07-06-1815_14",0
"2018-07-06-1815_15",0
"2018-07-06-1815_16",0
"2018-07-06-1815_17",0
"2018-07-06-1815_18",0
"2018-07-06-1815_19",0
"2018-07-06-1815_2",0
"2018-07-06-1815_20",1
"2018-07-06-1815_21",0
"2018-07-06-1815_22",0
"2018-07-06-1815_23",0
"2018-07-06-1815_24",0
"2018-07-06-1815_25",0
"2018-07-06-1815_26",0
"2018-07-06-1815_27",0
"2018-07-06-1815_28",0
"2018-07-06-1815_29",0
"2018-07-06-1815_3",0
"2018-07-06-1815_30",0
"2018-07-06-1815_31",0
"2018-07-06-1815_32",0
"2018-07-06-1815_33",0
"2018-07-06-1815_34",0
"2018-07-06-1815_35",0
"2018-07-06-1815_36",0
"2018-07-06-1815_4",0
"2018-07-06-1815_5",1
"2018-07-06-1815_6",1
"2018-07-06-1815_7",1
"2018-07-06-1815_8",0
"2018-07-06-1815_9",1
"2018-07-06-1820_1",1
"2018-07-06-1820_10",0
"2018-07-06-1820_11",0
"2018-07-06-1820_12",0
"2018-07-06-1820_13",0
"2018-07-06-1820_14",0
"2018-07-06-1820_15",0
"2018-07-06-1820_16",0
"2018-07-06-1820_17",0
"2018-07-06-1820_18",1
"2018-07-06-1820_19",0
"2018-07-06-1820_2",0
"2018-07-06-1820_20",1
"2018-07-06-1820_21",0
"2018-07-06-1820_22",0
"2018-07-06-1820_23",0
"2018-07-06-1820_24",0
"2018-07-06-1820_25",0
"2018-07-06-1820_26",0
"2018-07-06-1820_27",0
"2018-07-06-1820_28",0
"2018-07-06-1820_29",0
"2018-07-06-1820_3",0
"2018-07-06-1820_30",0
"2018-07-06-1820_31",0
"2018-07-06-1820_32",0
"2018-07-06-1820_33",0
"2018-07-06-1820_34",0
"2018-07-06-1820_35",0
"2018-07-06-1820_36",0
"2018-07-06-1820_4",0
"2018-07-06-1820_5",1
"2018-07-06-1820_6",1
"2018-07-06-1820_7",1
"2018-07-06-1820_8",0
"2018-07-06-1820_9",1
"2018-07-06-1825_1",1
"2018-07-06-1825_10",0
"2018-07-06-1825_11",0
"2018-07-06-1825_12",0
"2018-07-06-1825_13",0
"2018-07-06-1825_14",0
"2018-07-06-1825_15",0
"2018-07-06-1825_16",0
"2018-07-06-1825_17",0
"2018-07-06-1825_18",1
"2018-07-06-1825_19",0
"2018-07-06-1825_2",0
"2018-07-06-1825_20",1
"2018-07-06-1825_21",0
"2018-07-06-1825_22",0
"2018-07-06-1825_23",0
"2018-07-06-1825_24",0
"2018-07-06-1825_25",0
"2018-07-06-1825_26",0
"2018-07-06-1825_27",0
"2018-07-06-1825_28",0
"2018-07-06-1825_29",0
"2018-07-06-1825_3",0
"2018-07-06-1825_30",0
"2018-07-06-1825_31",0
"2018-07-06-1825_32",0
"2018-07-06-1825_33",0
"2018-07-06-1825_34",0
"2018-07-06-1825_35",0
"2018-07-06-1825_36",0
"2018-07-06-1825_4",0
"2018-07-06-1825_5",1
"2018-07-06-1825_6",1
"2018-07-06-1825_7",1
"2018-07-06-1825_8",0
"2018-07-06-1825_9",1
"2018-07-06-1830_1",0
"2018-07-06-1830_10",0
"2018-07-06-1830_11",0
"2018-07-06-1830_12",0
"2018-07-06-1830_13",0
"2018-07-06-1830_14",0
"2018-07-06-1830_15",0
"2018-07-06-1830_16",0
"2018-07-06-1830_17",0
"2018-07-06-1830_18",1
"2018-07-06-1830_19",0
"2018-07-06-1830_2",0
"2018-07-06-1830_20",1
"2018-07-06-1830_21",0
"2018-07-06-1830_22",0
"2018-07-06-1830_23",0
"2018-07-06-1830_24",0
"2018-07-06-1830_25",0
"2018-07-06-1830_26",0
"2018-07-06-1830_27",0
"2018-07-06-1830_28",0
"2018-07-06-1830_29",0
"2018-07-06-1830_3",0
"2018-07-06-1830_30",0
"2018-07-06-1830_31",0
"2018-07-06-1830_32",0
"2018-07-06-1830_33",0
"2018-07-06-1830_34",0
"2018-07-06-1830_35",0
"2018-07-06-1830_36",0
"2018-07-06-1830_4",0
"2018-07-06-1830_5",1
"2018-07-06-1830_6",1
"2018-07-06-1830_7",1
"2018-07-06-1830_8",0
"2018-07-06-1830_9",1
"2018-07-06-1835_1",1
"2018-07-06-1835_10",0
"2018-07-06-1835_11",0
"2018-07-06-1835_12",0
"2018-07-06-1835_13",0
"2018-07-06-1835_14",0
"2018-07-06-1835_15",0
"2018-07-06-1835_16",0
"2018-07-06-1835_17",0
"2018-07-06-1835_18",1
"2018-07-06-1835_19",0
"2018-07-06-1835_2",0
"2018-07-06-1835_20",1
"2018-07-06-1835_21",0
"2018-07-06-1835_22",0
"2018-07-06-1835_23",0
"2018-07-06-1835_24",0
"2018-07-06-1835_25",0
"2018-07-06-1835_26",0
"2018-07-06-1835_27",0
"2018-07-06-1835_28",0
"2018-07-06-1835_29",0
"2018-07-06-1835_3",0
"2018-07-06-1835_30",0
"2018-07-06-1835_31",0
"2018-07-06-1835_32",0
"2018-07-06-1835_33",0
"2018-07-06-1835_34",0
"2018-07-06-1835_35",0
"2018-07-06-1835_36",0
"2018-07-06-1835_4",0
"2018-07-06-1835_5",1
"2018-07-06-1835_6",1
"2018-07-06-1835_7",1
"2018-07-06-1835_8",0
"2018-07-06-1835_9",0
"2018-07-06-1840_1",0
"2018-07-06-1840_10",0
"2018-07-06-1840_11",0
"2018-07-06-1840_12",0
"2018-07-06-1840_13",0
"2018-07-06-1840_14",0
"2018-07-06-1840_15",0
"2018-07-06-1840_16",0
"2018-07-06-1840_17",0
"2018-07-06-1840_18",1
"2018-07-06-1840_19",0
"2018-07-06-1840_2",0
"2018-07-06-1840_20",0
"2018-07-06-1840_21",0
"2018-07-06-1840_22",0
"2018-07-06-1840_23",0
"2018-07-06-1840_24",0
"2018-07-06-1840_25",0
"2018-07-06-1840_26",0
"2018-07-06-1840_27",0
"2018-07-06-1840_28",0
"2018-07-06-1840_29",0
"2018-07-06-1840_3",0
"2018-07-06-1840_30",0
"2018-07-06-1840_31",0
"2018-07-06-1840_32",0
"2018-07-06-1840_33",0
"2018-07-06-1840_34",0
"2018-07-06-1840_35",0
"2018-07-06-1840_36",0
"2018-07-06-1840_4",0
"2018-07-06-1840_5",1
"2018-07-06-1840_6",1
"2018-07-06-1840_7",1
"2018-07-06-1840_8",0
"2018-07-06-1840_9",0
"2018-07-06-1845_1",0
"2018-07-06-1845_10",0
"2018-07-06-1845_11",0
"2018-07-06-1845_12",0
"2018-07-06-1845_13",0
"2018-07-06-1845_14",0
"2018-07-06-1845_15",0
"2018-07-06-1845_16",0
"2018-07-06-1845_17",0
"2018-07-06-1845_18",1
"2018-07-06-1845_19",0
"2018-07-06-1845_2",0
"2018-07-06-1845_20",1
"2018-07-06-1845_21",0
"2018-07-06-1845_22",0
"2018-07-06-1845_23",0
"2018-07-06-1845_24",0
"2018-07-06-1845_25",0
"2018-07-06-1845_26",0
"2018-07-06-1845_27",0
"2018-07-06-1845_28",0
"2018-07-06-1845_29",0
"2018-07-06-1845_3",0
"2018-07-06-1845_30",0
"2018-07-06-1845_31",0
"2018-07-06-1845_32",0
"2018-07-06-1845_33",0
"2018-07-06-1845_34",0
"2018-07-06-1845_35",0
"2018-07-06-1845_36",0
"2018-07-06-1845_4",0
"2018-07-06-1845_5",1
"2018-07-06-1845_6",0
"2018-07-06-1845_7",0
"2018-07-06-1845_8",0
"2018-07-06-1845_9",0
