date_id,label
2018-06-29-1537_1,1
2018-06-29-1537_10,0
2018-06-29-1537_11,0
2018-06-29-1537_12,0
2018-06-29-1537_13,0
2018-06-29-1537_14,0
2018-06-29-1537_15,0
2018-06-29-1537_16,0
2018-06-29-1537_17,0
2018-06-29-1537_18,1
2018-06-29-1537_19,0
2018-06-29-1537_2,0
2018-06-29-1537_20,1
2018-06-29-1537_21,1
2018-06-29-1537_22,1
2018-06-29-1537_23,1
2018-06-29-1537_24,1
2018-06-29-1537_25,0
2018-06-29-1537_26,0
2018-06-29-1537_27,0
2018-06-29-1537_28,0
2018-06-29-1537_29,0
2018-06-29-1537_3,0
2018-06-29-1537_30,0
2018-06-29-1537_31,0
2018-06-29-1537_32,0
2018-06-29-1537_33,0
2018-06-29-1537_34,0
2018-06-29-1537_35,0
2018-06-29-1537_36,0
2018-06-29-1537_4,1
2018-06-29-1537_5,0
2018-06-29-1537_6,1
2018-06-29-1537_7,0
2018-06-29-1537_8,0
2018-06-29-1537_9,1
2018-06-29-1540_1,1
2018-06-29-1540_10,0
2018-06-29-1540_11,0
2018-06-29-1540_12,0
2018-06-29-1540_13,0
2018-06-29-1540_14,0
2018-06-29-1540_15,0
2018-06-29-1540_16,0
2018-06-29-1540_17,0
2018-06-29-1540_18,1
2018-06-29-1540_19,0
2018-06-29-1540_2,0
2018-06-29-1540_20,1
2018-06-29-1540_21,1
2018-06-29-1540_22,1
2018-06-29-1540_23,1
2018-06-29-1540_24,1
2018-06-29-1540_25,0
2018-06-29-1540_26,0
2018-06-29-1540_27,0
2018-06-29-1540_28,0
2018-06-29-1540_29,0
2018-06-29-1540_3,0
2018-06-29-1540_30,0
2018-06-29-1540_31,0
2018-06-29-1540_32,0
2018-06-29-1540_33,0
2018-06-29-1540_34,0
2018-06-29-1540_35,0
2018-06-29-1540_36,0
2018-06-29-1540_4,1
2018-06-29-1540_5,0
2018-06-29-1540_6,1
2018-06-29-1540_7,0
2018-06-29-1540_8,0
2018-06-29-1540_9,1
2018-06-29-1545_1,1
2018-06-29-1545_10,0
2018-06-29-1545_11,0
2018-06-29-1545_12,0
2018-06-29-1545_13,0
2018-06-29-1545_14,0
2018-06-29-1545_15,0
2018-06-29-1545_16,0
2018-06-29-1545_17,0
2018-06-29-1545_18,1
2018-06-29-1545_19,0
2018-06-29-1545_2,0
2018-06-29-1545_20,1
2018-06-29-1545_21,1
2018-06-29-1545_22,1
2018-06-29-1545_23,0
2018-06-29-1545_24,0
2018-06-29-1545_25,0
2018-06-29-1545_26,0
2018-06-29-1545_27,0
2018-06-29-1545_28,0
2018-06-29-1545_29,0
2018-06-29-1545_3,0
2018-06-29-1545_30,0
2018-06-29-1545_31,0
2018-06-29-1545_32,0
2018-06-29-1545_33,0
2018-06-29-1545_34,0
2018-06-29-1545_35,0
2018-06-29-1545_36,0
2018-06-29-1545_4,1
2018-06-29-1545_5,0
2018-06-29-1545_6,1
2018-06-29-1545_7,0
2018-06-29-1545_8,0
2018-06-29-1545_9,1
2018-06-29-1550_1,1
2018-06-29-1550_10,0
2018-06-29-1550_11,1
2018-06-29-1550_12,0
2018-06-29-1550_13,0
2018-06-29-1550_14,0
2018-06-29-1550_15,0
2018-06-29-1550_16,0
2018-06-29-1550_17,0
2018-06-29-1550_18,1
2018-06-29-1550_19,0
2018-06-29-1550_2,0
2018-06-29-1550_20,1
2018-06-29-1550_21,1
2018-06-29-1550_22,1
2018-06-29-1550_23,0
2018-06-29-1550_24,0
2018-06-29-1550_25,0
2018-06-29-1550_26,0
2018-06-29-1550_27,0
2018-06-29-1550_28,0
2018-06-29-1550_29,0
2018-06-29-1550_3,0
2018-06-29-1550_30,0
2018-06-29-1550_31,0
2018-06-29-1550_32,0
2018-06-29-1550_33,0
2018-06-29-1550_34,0
2018-06-29-1550_35,0
2018-06-29-1550_36,0
2018-06-29-1550_4,1
2018-06-29-1550_5,0
2018-06-29-1550_6,1
2018-06-29-1550_7,0
2018-06-29-1550_8,0
2018-06-29-1550_9,1
2018-06-29-1555_1,1
2018-06-29-1555_10,0
2018-06-29-1555_11,1
2018-06-29-1555_12,0
2018-06-29-1555_13,1
2018-06-29-1555_14,0
2018-06-29-1555_15,0
2018-06-29-1555_16,0
2018-06-29-1555_17,0
2018-06-29-1555_18,1
2018-06-29-1555_19,0
2018-06-29-1555_2,0
2018-06-29-1555_20,1
2018-06-29-1555_21,1
2018-06-29-1555_22,1
2018-06-29-1555_23,0
2018-06-29-1555_24,0
2018-06-29-1555_25,0
2018-06-29-1555_26,0
2018-06-29-1555_27,0
2018-06-29-1555_28,0
2018-06-29-1555_29,0
2018-06-29-1555_3,0
2018-06-29-1555_30,0
2018-06-29-1555_31,0
2018-06-29-1555_32,0
2018-06-29-1555_33,0
2018-06-29-1555_34,0
2018-06-29-1555_35,0
2018-06-29-1555_36,0
2018-06-29-1555_4,1
2018-06-29-1555_5,0
2018-06-29-1555_6,1
2018-06-29-1555_7,0
2018-06-29-1555_8,0
2018-06-29-1555_9,1
2018-06-29-1600_1,1
2018-06-29-1600_10,0
2018-06-29-1600_11,1
2018-06-29-1600_12,0
2018-06-29-1600_13,1
2018-06-29-1600_14,0
2018-06-29-1600_15,0
2018-06-29-1600_16,0
2018-06-29-1600_17,0
2018-06-29-1600_18,1
2018-06-29-1600_19,0
2018-06-29-1600_2,0
2018-06-29-1600_20,1
2018-06-29-1600_21,1
2018-06-29-1600_22,1
2018-06-29-1600_23,0
2018-06-29-1600_24,0
2018-06-29-1600_25,0
2018-06-29-1600_26,0
2018-06-29-1600_27,0
2018-06-29-1600_28,0
2018-06-29-1600_29,0
2018-06-29-1600_3,0
2018-06-29-1600_30,0
2018-06-29-1600_31,0
2018-06-29-1600_32,0
2018-06-29-1600_33,0
2018-06-29-1600_34,0
2018-06-29-1600_35,0
2018-06-29-1600_36,0
2018-06-29-1600_4,1
2018-06-29-1600_5,0
2018-06-29-1600_6,1
2018-06-29-1600_7,0
2018-06-29-1600_8,0
2018-06-29-1600_9,1
2018-06-29-1605_1,1
2018-06-29-1605_10,0
2018-06-29-1605_11,1
2018-06-29-1605_12,0
2018-06-29-1605_13,0
2018-06-29-1605_14,0
2018-06-29-1605_15,0
2018-06-29-1605_16,0
2018-06-29-1605_17,0
2018-06-29-1605_18,1
2018-06-29-1605_19,0
2018-06-29-1605_2,0
2018-06-29-1605_20,1
2018-06-29-1605_21,1
2018-06-29-1605_22,1
2018-06-29-1605_23,0
2018-06-29-1605_24,0
2018-06-29-1605_25,0
2018-06-29-1605_26,0
2018-06-29-1605_27,0
2018-06-29-1605_28,0
2018-06-29-1605_29,0
2018-06-29-1605_3,0
2018-06-29-1605_30,0
2018-06-29-1605_31,0
2018-06-29-1605_32,0
2018-06-29-1605_33,0
2018-06-29-1605_34,0
2018-06-29-1605_35,0
2018-06-29-1605_36,0
2018-06-29-1605_4,1
2018-06-29-1605_5,0
2018-06-29-1605_6,1
2018-06-29-1605_7,0
2018-06-29-1605_8,0
2018-06-29-1605_9,1
2018-06-29-1610_1,1
2018-06-29-1610_10,0
2018-06-29-1610_11,1
2018-06-29-1610_12,0
2018-06-29-1610_13,0
2018-06-29-1610_14,0
2018-06-29-1610_15,0
2018-06-29-1610_16,0
2018-06-29-1610_17,0
2018-06-29-1610_18,1
2018-06-29-1610_19,0
2018-06-29-1610_2,0
2018-06-29-1610_20,1
2018-06-29-1610_21,1
2018-06-29-1610_22,1
2018-06-29-1610_23,0
2018-06-29-1610_24,0
2018-06-29-1610_25,0
2018-06-29-1610_26,0
2018-06-29-1610_27,0
2018-06-29-1610_28,0
2018-06-29-1610_29,0
2018-06-29-1610_3,0
2018-06-29-1610_30,0
2018-06-29-1610_31,0
2018-06-29-1610_32,0
2018-06-29-1610_33,0
2018-06-29-1610_34,0
2018-06-29-1610_35,0
2018-06-29-1610_36,1
2018-06-29-1610_4,1
2018-06-29-1610_5,0
2018-06-29-1610_6,1
2018-06-29-1610_7,0
2018-06-29-1610_8,0
2018-06-29-1610_9,1
2018-06-29-1615_1,1
2018-06-29-1615_10,0
2018-06-29-1615_11,1
2018-06-29-1615_12,0
2018-06-29-1615_13,0
2018-06-29-1615_14,0
2018-06-29-1615_15,0
2018-06-29-1615_16,0
2018-06-29-1615_17,0
2018-06-29-1615_18,1
2018-06-29-1615_19,0
2018-06-29-1615_2,0
2018-06-29-1615_20,1
2018-06-29-1615_21,1
2018-06-29-1615_22,1
2018-06-29-1615_23,0
2018-06-29-1615_24,0
2018-06-29-1615_25,0
2018-06-29-1615_26,0
2018-06-29-1615_27,0
2018-06-29-1615_28,0
2018-06-29-1615_29,0
2018-06-29-1615_3,0
2018-06-29-1615_30,0
2018-06-29-1615_31,0
2018-06-29-1615_32,0
2018-06-29-1615_33,0
2018-06-29-1615_34,0
2018-06-29-1615_35,0
2018-06-29-1615_36,0
2018-06-29-1615_4,1
2018-06-29-1615_5,0
2018-06-29-1615_6,1
2018-06-29-1615_7,0
2018-06-29-1615_8,0
2018-06-29-1615_9,1
2018-06-29-1620_1,1
2018-06-29-1620_10,0
2018-06-29-1620_11,0
2018-06-29-1620_12,0
2018-06-29-1620_13,0
2018-06-29-1620_14,0
2018-06-29-1620_15,0
2018-06-29-1620_16,0
2018-06-29-1620_17,0
2018-06-29-1620_18,1
2018-06-29-1620_19,0
2018-06-29-1620_2,0
2018-06-29-1620_20,1
2018-06-29-1620_21,1
2018-06-29-1620_22,1
2018-06-29-1620_23,0
2018-06-29-1620_24,0
2018-06-29-1620_25,0
2018-06-29-1620_26,0
2018-06-29-1620_27,0
2018-06-29-1620_28,0
2018-06-29-1620_29,0
2018-06-29-1620_3,0
2018-06-29-1620_30,0
2018-06-29-1620_31,0
2018-06-29-1620_32,0
2018-06-29-1620_33,0
2018-06-29-1620_34,0
2018-06-29-1620_35,0
2018-06-29-1620_36,0
2018-06-29-1620_4,1
2018-06-29-1620_5,0
2018-06-29-1620_6,1
2018-06-29-1620_7,0
2018-06-29-1620_8,0
2018-06-29-1620_9,1
2018-06-29-1625_1,1
2018-06-29-1625_10,0
2018-06-29-1625_11,0
2018-06-29-1625_12,0
2018-06-29-1625_13,0
2018-06-29-1625_14,0
2018-06-29-1625_15,0
2018-06-29-1625_16,0
2018-06-29-1625_17,0
2018-06-29-1625_18,1
2018-06-29-1625_19,0
2018-06-29-1625_2,0
2018-06-29-1625_20,1
2018-06-29-1625_21,1
2018-06-29-1625_22,1
2018-06-29-1625_23,0
2018-06-29-1625_24,0
2018-06-29-1625_25,0
2018-06-29-1625_26,0
2018-06-29-1625_27,0
2018-06-29-1625_28,0
2018-06-29-1625_29,0
2018-06-29-1625_3,0
2018-06-29-1625_30,0
2018-06-29-1625_31,0
2018-06-29-1625_32,0
2018-06-29-1625_33,0
2018-06-29-1625_34,0
2018-06-29-1625_35,0
2018-06-29-1625_36,0
2018-06-29-1625_4,1
2018-06-29-1625_5,0
2018-06-29-1625_6,0
2018-06-29-1625_7,0
2018-06-29-1625_8,0
2018-06-29-1625_9,1
2018-06-29-1630_1,1
2018-06-29-1630_10,0
2018-06-29-1630_11,0
2018-06-29-1630_12,0
2018-06-29-1630_13,0
2018-06-29-1630_14,0
2018-06-29-1630_15,0
2018-06-29-1630_16,0
2018-06-29-1630_17,0
2018-06-29-1630_18,1
2018-06-29-1630_19,0
2018-06-29-1630_2,0
2018-06-29-1630_20,1
2018-06-29-1630_21,1
2018-06-29-1630_22,1
2018-06-29-1630_23,0
2018-06-29-1630_24,0
2018-06-29-1630_25,0
2018-06-29-1630_26,0
2018-06-29-1630_27,0
2018-06-29-1630_28,0
2018-06-29-1630_29,0
2018-06-29-1630_3,0
2018-06-29-1630_30,0
2018-06-29-1630_31,0
2018-06-29-1630_32,0
2018-06-29-1630_33,0
2018-06-29-1630_34,0
2018-06-29-1630_35,0
2018-06-29-1630_36,0
2018-06-29-1630_4,1
2018-06-29-1630_5,0
2018-06-29-1630_6,0
2018-06-29-1630_7,0
2018-06-29-1630_8,0
2018-06-29-1630_9,1
2018-06-29-1635_1,1
2018-06-29-1635_10,0
2018-06-29-1635_11,0
2018-06-29-1635_12,0
2018-06-29-1635_13,0
2018-06-29-1635_14,0
2018-06-29-1635_15,0
2018-06-29-1635_16,0
2018-06-29-1635_17,0
2018-06-29-1635_18,1
2018-06-29-1635_19,0
2018-06-29-1635_2,0
2018-06-29-1635_20,1
2018-06-29-1635_21,1
2018-06-29-1635_22,1
2018-06-29-1635_23,0
2018-06-29-1635_24,0
2018-06-29-1635_25,0
2018-06-29-1635_26,0
2018-06-29-1635_27,0
2018-06-29-1635_28,0
2018-06-29-1635_29,0
2018-06-29-1635_3,0
2018-06-29-1635_30,0
2018-06-29-1635_31,0
2018-06-29-1635_32,0
2018-06-29-1635_33,0
2018-06-29-1635_34,0
2018-06-29-1635_35,0
2018-06-29-1635_36,0
2018-06-29-1635_4,1
2018-06-29-1635_5,0
2018-06-29-1635_6,0
2018-06-29-1635_7,0
2018-06-29-1635_8,0
2018-06-29-1635_9,1
2018-06-29-1640_1,1
2018-06-29-1640_10,0
2018-06-29-1640_11,0
2018-06-29-1640_12,0
2018-06-29-1640_13,0
2018-06-29-1640_14,0
2018-06-29-1640_15,0
2018-06-29-1640_16,0
2018-06-29-1640_17,0
2018-06-29-1640_18,1
2018-06-29-1640_19,0
2018-06-29-1640_2,0
2018-06-29-1640_20,1
2018-06-29-1640_21,1
2018-06-29-1640_22,1
2018-06-29-1640_23,0
2018-06-29-1640_24,0
2018-06-29-1640_25,0
2018-06-29-1640_26,0
2018-06-29-1640_27,0
2018-06-29-1640_28,0
2018-06-29-1640_29,0
2018-06-29-1640_3,0
2018-06-29-1640_30,0
2018-06-29-1640_31,0
2018-06-29-1640_32,0
2018-06-29-1640_33,0
2018-06-29-1640_34,0
2018-06-29-1640_35,0
2018-06-29-1640_36,0
2018-06-29-1640_4,1
2018-06-29-1640_5,0
2018-06-29-1640_6,0
2018-06-29-1640_7,0
2018-06-29-1640_8,0
2018-06-29-1640_9,1
2018-06-29-1645_1,1
2018-06-29-1645_10,0
2018-06-29-1645_11,0
2018-06-29-1645_12,0
2018-06-29-1645_13,0
2018-06-29-1645_14,0
2018-06-29-1645_15,0
2018-06-29-1645_16,0
2018-06-29-1645_17,0
2018-06-29-1645_18,1
2018-06-29-1645_19,0
2018-06-29-1645_2,0
2018-06-29-1645_20,1
2018-06-29-1645_21,1
2018-06-29-1645_22,1
2018-06-29-1645_23,0
2018-06-29-1645_24,0
2018-06-29-1645_25,0
2018-06-29-1645_26,0
2018-06-29-1645_27,0
2018-06-29-1645_28,0
2018-06-29-1645_29,0
2018-06-29-1645_3,0
2018-06-29-1645_30,0
2018-06-29-1645_31,0
2018-06-29-1645_32,0
2018-06-29-1645_33,0
2018-06-29-1645_34,0
2018-06-29-1645_35,0
2018-06-29-1645_36,0
2018-06-29-1645_4,1
2018-06-29-1645_5,0
2018-06-29-1645_6,0
2018-06-29-1645_7,0
2018-06-29-1645_8,0
2018-06-29-1645_9,1
2018-06-29-1650_1,1
2018-06-29-1650_10,0
2018-06-29-1650_11,0
2018-06-29-1650_12,0
2018-06-29-1650_13,0
2018-06-29-1650_14,0
2018-06-29-1650_15,0
2018-06-29-1650_16,0
2018-06-29-1650_17,0
2018-06-29-1650_18,1
2018-06-29-1650_19,0
2018-06-29-1650_2,0
2018-06-29-1650_20,1
2018-06-29-1650_21,1
2018-06-29-1650_22,1
2018-06-29-1650_23,0
2018-06-29-1650_24,0
2018-06-29-1650_25,0
2018-06-29-1650_26,0
2018-06-29-1650_27,0
2018-06-29-1650_28,0
2018-06-29-1650_29,0
2018-06-29-1650_3,0
2018-06-29-1650_30,0
2018-06-29-1650_31,0
2018-06-29-1650_32,0
2018-06-29-1650_33,0
2018-06-29-1650_34,0
2018-06-29-1650_35,0
2018-06-29-1650_36,0
2018-06-29-1650_4,1
2018-06-29-1650_5,0
2018-06-29-1650_6,0
2018-06-29-1650_7,0
2018-06-29-1650_8,0
2018-06-29-1650_9,1
2018-06-29-1655_1,1
2018-06-29-1655_10,0
2018-06-29-1655_11,0
2018-06-29-1655_12,0
2018-06-29-1655_13,0
2018-06-29-1655_14,0
2018-06-29-1655_15,0
2018-06-29-1655_16,0
2018-06-29-1655_17,0
2018-06-29-1655_18,1
2018-06-29-1655_19,0
2018-06-29-1655_2,0
2018-06-29-1655_20,1
2018-06-29-1655_21,1
2018-06-29-1655_22,1
2018-06-29-1655_23,0
2018-06-29-1655_24,0
2018-06-29-1655_25,0
2018-06-29-1655_26,0
2018-06-29-1655_27,0
2018-06-29-1655_28,0
2018-06-29-1655_29,0
2018-06-29-1655_3,0
2018-06-29-1655_30,0
2018-06-29-1655_31,0
2018-06-29-1655_32,0
2018-06-29-1655_33,0
2018-06-29-1655_34,0
2018-06-29-1655_35,0
2018-06-29-1655_36,0
2018-06-29-1655_4,1
2018-06-29-1655_5,0
2018-06-29-1655_6,0
2018-06-29-1655_7,0
2018-06-29-1655_8,0
2018-06-29-1655_9,1
2018-06-29-1700_1,1
2018-06-29-1700_10,0
2018-06-29-1700_11,0
2018-06-29-1700_12,0
2018-06-29-1700_13,0
2018-06-29-1700_14,0
2018-06-29-1700_15,0
2018-06-29-1700_16,0
2018-06-29-1700_17,0
2018-06-29-1700_18,1
2018-06-29-1700_19,0
2018-06-29-1700_2,0
2018-06-29-1700_20,1
2018-06-29-1700_21,1
2018-06-29-1700_22,1
2018-06-29-1700_23,0
2018-06-29-1700_24,0
2018-06-29-1700_25,0
2018-06-29-1700_26,0
2018-06-29-1700_27,0
2018-06-29-1700_28,0
2018-06-29-1700_29,0
2018-06-29-1700_3,0
2018-06-29-1700_30,0
2018-06-29-1700_31,0
2018-06-29-1700_32,0
2018-06-29-1700_33,0
2018-06-29-1700_34,0
2018-06-29-1700_35,0
2018-06-29-1700_36,0
2018-06-29-1700_4,1
2018-06-29-1700_5,0
2018-06-29-1700_6,0
2018-06-29-1700_7,0
2018-06-29-1700_8,0
2018-06-29-1700_9,1
2018-06-29-1705_1,1
2018-06-29-1705_10,0
2018-06-29-1705_11,0
2018-06-29-1705_12,0
2018-06-29-1705_13,0
2018-06-29-1705_14,0
2018-06-29-1705_15,0
2018-06-29-1705_16,0
2018-06-29-1705_17,0
2018-06-29-1705_18,0
2018-06-29-1705_19,0
2018-06-29-1705_2,0
2018-06-29-1705_20,1
2018-06-29-1705_21,1
2018-06-29-1705_22,1
2018-06-29-1705_23,0
2018-06-29-1705_24,0
2018-06-29-1705_25,0
2018-06-29-1705_26,0
2018-06-29-1705_27,0
2018-06-29-1705_28,0
2018-06-29-1705_29,0
2018-06-29-1705_3,0
2018-06-29-1705_30,0
2018-06-29-1705_31,0
2018-06-29-1705_32,0
2018-06-29-1705_33,0
2018-06-29-1705_34,0
2018-06-29-1705_35,0
2018-06-29-1705_36,0
2018-06-29-1705_4,1
2018-06-29-1705_5,0
2018-06-29-1705_6,0
2018-06-29-1705_7,0
2018-06-29-1705_8,0
2018-06-29-1705_9,1
2018-06-29-1710_1,1
2018-06-29-1710_10,0
2018-06-29-1710_11,0
2018-06-29-1710_12,0
2018-06-29-1710_13,0
2018-06-29-1710_14,0
2018-06-29-1710_15,0
2018-06-29-1710_16,0
2018-06-29-1710_17,0
2018-06-29-1710_18,0
2018-06-29-1710_19,0
2018-06-29-1710_2,0
2018-06-29-1710_20,1
2018-06-29-1710_21,1
2018-06-29-1710_22,1
2018-06-29-1710_23,0
2018-06-29-1710_24,0
2018-06-29-1710_25,0
2018-06-29-1710_26,0
2018-06-29-1710_27,0
2018-06-29-1710_28,0
2018-06-29-1710_29,0
2018-06-29-1710_3,0
2018-06-29-1710_30,0
2018-06-29-1710_31,0
2018-06-29-1710_32,0
2018-06-29-1710_33,0
2018-06-29-1710_34,0
2018-06-29-1710_35,0
2018-06-29-1710_36,0
2018-06-29-1710_4,1
2018-06-29-1710_5,0
2018-06-29-1710_6,0
2018-06-29-1710_7,0
2018-06-29-1710_8,0
2018-06-29-1710_9,1
2018-06-29-1715_1,1
2018-06-29-1715_10,0
2018-06-29-1715_11,0
2018-06-29-1715_12,0
2018-06-29-1715_13,0
2018-06-29-1715_14,0
2018-06-29-1715_15,0
2018-06-29-1715_16,0
2018-06-29-1715_17,0
2018-06-29-1715_18,0
2018-06-29-1715_19,0
2018-06-29-1715_2,0
2018-06-29-1715_20,1
2018-06-29-1715_21,1
2018-06-29-1715_22,1
2018-06-29-1715_23,0
2018-06-29-1715_24,0
2018-06-29-1715_25,0
2018-06-29-1715_26,0
2018-06-29-1715_27,0
2018-06-29-1715_28,0
2018-06-29-1715_29,0
2018-06-29-1715_3,0
2018-06-29-1715_30,0
2018-06-29-1715_31,0
2018-06-29-1715_32,0
2018-06-29-1715_33,0
2018-06-29-1715_34,0
2018-06-29-1715_35,0
2018-06-29-1715_36,0
2018-06-29-1715_4,1
2018-06-29-1715_5,0
2018-06-29-1715_6,0
2018-06-29-1715_7,0
2018-06-29-1715_8,0
2018-06-29-1715_9,1
2018-06-29-1720_1,1
2018-06-29-1720_10,0
2018-06-29-1720_11,0
2018-06-29-1720_12,0
2018-06-29-1720_13,0
2018-06-29-1720_14,0
2018-06-29-1720_15,0
2018-06-29-1720_16,0
2018-06-29-1720_17,0
2018-06-29-1720_18,0
2018-06-29-1720_19,0
2018-06-29-1720_2,0
2018-06-29-1720_20,1
2018-06-29-1720_21,1
2018-06-29-1720_22,1
2018-06-29-1720_23,0
2018-06-29-1720_24,0
2018-06-29-1720_25,0
2018-06-29-1720_26,0
2018-06-29-1720_27,0
2018-06-29-1720_28,0
2018-06-29-1720_29,0
2018-06-29-1720_3,0
2018-06-29-1720_30,0
2018-06-29-1720_31,0
2018-06-29-1720_32,0
2018-06-29-1720_33,0
2018-06-29-1720_34,0
2018-06-29-1720_35,0
2018-06-29-1720_36,0
2018-06-29-1720_4,1
2018-06-29-1720_5,0
2018-06-29-1720_6,0
2018-06-29-1720_7,0
2018-06-29-1720_8,0
2018-06-29-1720_9,1
2018-06-29-1725_1,1
2018-06-29-1725_10,0
2018-06-29-1725_11,0
2018-06-29-1725_12,0
2018-06-29-1725_13,0
2018-06-29-1725_14,0
2018-06-29-1725_15,0
2018-06-29-1725_16,0
2018-06-29-1725_17,0
2018-06-29-1725_18,0
2018-06-29-1725_19,0
2018-06-29-1725_2,0
2018-06-29-1725_20,1
2018-06-29-1725_21,1
2018-06-29-1725_22,1
2018-06-29-1725_23,0
2018-06-29-1725_24,0
2018-06-29-1725_25,0
2018-06-29-1725_26,0
2018-06-29-1725_27,0
2018-06-29-1725_28,0
2018-06-29-1725_29,0
2018-06-29-1725_3,0
2018-06-29-1725_30,0
2018-06-29-1725_31,0
2018-06-29-1725_32,0
2018-06-29-1725_33,0
2018-06-29-1725_34,0
2018-06-29-1725_35,0
2018-06-29-1725_36,0
2018-06-29-1725_4,1
2018-06-29-1725_5,0
2018-06-29-1725_6,0
2018-06-29-1725_7,0
2018-06-29-1725_8,0
2018-06-29-1725_9,1
2018-06-29-1730_1,1
2018-06-29-1730_10,0
2018-06-29-1730_11,0
2018-06-29-1730_12,0
2018-06-29-1730_13,0
2018-06-29-1730_14,0
2018-06-29-1730_15,0
2018-06-29-1730_16,0
2018-06-29-1730_17,0
2018-06-29-1730_18,0
2018-06-29-1730_19,0
2018-06-29-1730_2,0
2018-06-29-1730_20,1
2018-06-29-1730_21,1
2018-06-29-1730_22,1
2018-06-29-1730_23,0
2018-06-29-1730_24,0
2018-06-29-1730_25,0
2018-06-29-1730_26,0
2018-06-29-1730_27,0
2018-06-29-1730_28,0
2018-06-29-1730_29,0
2018-06-29-1730_3,0
2018-06-29-1730_30,0
2018-06-29-1730_31,0
2018-06-29-1730_32,0
2018-06-29-1730_33,0
2018-06-29-1730_34,0
2018-06-29-1730_35,0
2018-06-29-1730_36,0
2018-06-29-1730_4,1
2018-06-29-1730_5,0
2018-06-29-1730_6,0
2018-06-29-1730_7,0
2018-06-29-1730_8,0
2018-06-29-1730_9,1
2018-06-29-1735_1,1
2018-06-29-1735_10,0
2018-06-29-1735_11,0
2018-06-29-1735_12,0
2018-06-29-1735_13,0
2018-06-29-1735_14,0
2018-06-29-1735_15,0
2018-06-29-1735_16,0
2018-06-29-1735_17,0
2018-06-29-1735_18,0
2018-06-29-1735_19,0
2018-06-29-1735_2,0
2018-06-29-1735_20,1
2018-06-29-1735_21,1
2018-06-29-1735_22,1
2018-06-29-1735_23,0
2018-06-29-1735_24,0
2018-06-29-1735_25,0
2018-06-29-1735_26,0
2018-06-29-1735_27,0
2018-06-29-1735_28,0
2018-06-29-1735_29,0
2018-06-29-1735_3,0
2018-06-29-1735_30,0
2018-06-29-1735_31,0
2018-06-29-1735_32,0
2018-06-29-1735_33,0
2018-06-29-1735_34,0
2018-06-29-1735_35,0
2018-06-29-1735_36,0
2018-06-29-1735_4,1
2018-06-29-1735_5,0
2018-06-29-1735_6,0
2018-06-29-1735_7,0
2018-06-29-1735_8,0
2018-06-29-1735_9,1
2018-06-29-1740_1,1
2018-06-29-1740_10,0
2018-06-29-1740_11,0
2018-06-29-1740_12,0
2018-06-29-1740_13,0
2018-06-29-1740_14,0
2018-06-29-1740_15,0
2018-06-29-1740_16,0
2018-06-29-1740_17,0
2018-06-29-1740_18,0
2018-06-29-1740_19,0
2018-06-29-1740_2,0
2018-06-29-1740_20,1
2018-06-29-1740_21,0
2018-06-29-1740_22,1
2018-06-29-1740_23,0
2018-06-29-1740_24,0
2018-06-29-1740_25,1
2018-06-29-1740_26,0
2018-06-29-1740_27,0
2018-06-29-1740_28,0
2018-06-29-1740_29,0
2018-06-29-1740_3,0
2018-06-29-1740_30,0
2018-06-29-1740_31,0
2018-06-29-1740_32,0
2018-06-29-1740_33,0
2018-06-29-1740_34,0
2018-06-29-1740_35,0
2018-06-29-1740_36,0
2018-06-29-1740_4,1
2018-06-29-1740_5,0
2018-06-29-1740_6,0
2018-06-29-1740_7,0
2018-06-29-1740_8,0
2018-06-29-1740_9,1
2018-06-29-1745_1,1
2018-06-29-1745_10,0
2018-06-29-1745_11,0
2018-06-29-1745_12,0
2018-06-29-1745_13,0
2018-06-29-1745_14,0
2018-06-29-1745_15,0
2018-06-29-1745_16,0
2018-06-29-1745_17,0
2018-06-29-1745_18,0
2018-06-29-1745_19,0
2018-06-29-1745_2,0
2018-06-29-1745_20,1
2018-06-29-1745_21,0
2018-06-29-1745_22,1
2018-06-29-1745_23,0
2018-06-29-1745_24,0
2018-06-29-1745_25,0
2018-06-29-1745_26,0
2018-06-29-1745_27,0
2018-06-29-1745_28,0
2018-06-29-1745_29,0
2018-06-29-1745_3,0
2018-06-29-1745_30,0
2018-06-29-1745_31,0
2018-06-29-1745_32,0
2018-06-29-1745_33,0
2018-06-29-1745_34,0
2018-06-29-1745_35,0
2018-06-29-1745_36,0
2018-06-29-1745_4,1
2018-06-29-1745_5,0
2018-06-29-1745_6,0
2018-06-29-1745_7,0
2018-06-29-1745_8,0
2018-06-29-1745_9,1
2018-06-29-1750_1,1
2018-06-29-1750_10,0
2018-06-29-1750_11,0
2018-06-29-1750_12,0
2018-06-29-1750_13,0
2018-06-29-1750_14,0
2018-06-29-1750_15,0
2018-06-29-1750_16,0
2018-06-29-1750_17,0
2018-06-29-1750_18,0
2018-06-29-1750_19,0
2018-06-29-1750_2,0
2018-06-29-1750_20,1
2018-06-29-1750_21,0
2018-06-29-1750_22,1
2018-06-29-1750_23,0
2018-06-29-1750_24,0
2018-06-29-1750_25,0
2018-06-29-1750_26,0
2018-06-29-1750_27,0
2018-06-29-1750_28,0
2018-06-29-1750_29,0
2018-06-29-1750_3,0
2018-06-29-1750_30,0
2018-06-29-1750_31,0
2018-06-29-1750_32,0
2018-06-29-1750_33,0
2018-06-29-1750_34,0
2018-06-29-1750_35,0
2018-06-29-1750_36,0
2018-06-29-1750_4,1
2018-06-29-1750_5,0
2018-06-29-1750_6,0
2018-06-29-1750_7,0
2018-06-29-1750_8,0
2018-06-29-1750_9,1
2018-06-29-1755_1,1
2018-06-29-1755_10,0
2018-06-29-1755_11,0
2018-06-29-1755_12,0
2018-06-29-1755_13,0
2018-06-29-1755_14,0
2018-06-29-1755_15,0
2018-06-29-1755_16,0
2018-06-29-1755_17,0
2018-06-29-1755_18,0
2018-06-29-1755_19,0
2018-06-29-1755_2,0
2018-06-29-1755_20,1
2018-06-29-1755_21,0
2018-06-29-1755_22,1
2018-06-29-1755_23,0
2018-06-29-1755_24,0
2018-06-29-1755_25,0
2018-06-29-1755_26,0
2018-06-29-1755_27,0
2018-06-29-1755_28,0
2018-06-29-1755_29,0
2018-06-29-1755_3,0
2018-06-29-1755_30,0
2018-06-29-1755_31,0
2018-06-29-1755_32,0
2018-06-29-1755_33,0
2018-06-29-1755_34,0
2018-06-29-1755_35,0
2018-06-29-1755_36,0
2018-06-29-1755_4,1
2018-06-29-1755_5,0
2018-06-29-1755_6,0
2018-06-29-1755_7,0
2018-06-29-1755_8,0
2018-06-29-1755_9,1
2018-06-29-1800_1,1
2018-06-29-1800_10,0
2018-06-29-1800_11,0
2018-06-29-1800_12,0
2018-06-29-1800_13,0
2018-06-29-1800_14,0
2018-06-29-1800_15,0
2018-06-29-1800_16,0
2018-06-29-1800_17,0
2018-06-29-1800_18,0
2018-06-29-1800_19,0
2018-06-29-1800_2,0
2018-06-29-1800_20,1
2018-06-29-1800_21,0
2018-06-29-1800_22,1
2018-06-29-1800_23,0
2018-06-29-1800_24,0
2018-06-29-1800_25,0
2018-06-29-1800_26,0
2018-06-29-1800_27,0
2018-06-29-1800_28,0
2018-06-29-1800_29,0
2018-06-29-1800_3,0
2018-06-29-1800_30,0
2018-06-29-1800_31,0
2018-06-29-1800_32,0
2018-06-29-1800_33,0
2018-06-29-1800_34,0
2018-06-29-1800_35,0
2018-06-29-1800_36,0
2018-06-29-1800_4,1
2018-06-29-1800_5,0
2018-06-29-1800_6,0
2018-06-29-1800_7,0
2018-06-29-1800_8,0
2018-06-29-1800_9,1
2018-06-29-1805_1,1
2018-06-29-1805_10,0
2018-06-29-1805_11,0
2018-06-29-1805_12,0
2018-06-29-1805_13,0
2018-06-29-1805_14,0
2018-06-29-1805_15,0
2018-06-29-1805_16,0
2018-06-29-1805_17,0
2018-06-29-1805_18,0
2018-06-29-1805_19,0
2018-06-29-1805_2,0
2018-06-29-1805_20,1
2018-06-29-1805_21,0
2018-06-29-1805_22,1
2018-06-29-1805_23,0
2018-06-29-1805_24,0
2018-06-29-1805_25,0
2018-06-29-1805_26,0
2018-06-29-1805_27,0
2018-06-29-1805_28,0
2018-06-29-1805_29,0
2018-06-29-1805_3,0
2018-06-29-1805_30,0
2018-06-29-1805_31,0
2018-06-29-1805_32,0
2018-06-29-1805_33,0
2018-06-29-1805_34,0
2018-06-29-1805_35,0
2018-06-29-1805_36,0
2018-06-29-1805_4,1
2018-06-29-1805_5,0
2018-06-29-1805_6,0
2018-06-29-1805_7,0
2018-06-29-1805_8,0
2018-06-29-1805_9,1
2018-06-29-1810_1,1
2018-06-29-1810_10,0
2018-06-29-1810_11,0
2018-06-29-1810_12,0
2018-06-29-1810_13,0
2018-06-29-1810_14,0
2018-06-29-1810_15,0
2018-06-29-1810_16,0
2018-06-29-1810_17,0
2018-06-29-1810_18,0
2018-06-29-1810_19,0
2018-06-29-1810_2,0
2018-06-29-1810_20,1
2018-06-29-1810_21,0
2018-06-29-1810_22,1
2018-06-29-1810_23,0
2018-06-29-1810_24,0
2018-06-29-1810_25,0
2018-06-29-1810_26,0
2018-06-29-1810_27,0
2018-06-29-1810_28,0
2018-06-29-1810_29,0
2018-06-29-1810_3,0
2018-06-29-1810_30,0
2018-06-29-1810_31,0
2018-06-29-1810_32,0
2018-06-29-1810_33,0
2018-06-29-1810_34,0
2018-06-29-1810_35,0
2018-06-29-1810_36,0
2018-06-29-1810_4,1
2018-06-29-1810_5,0
2018-06-29-1810_6,0
2018-06-29-1810_7,0
2018-06-29-1810_8,0
2018-06-29-1810_9,1
2018-06-29-1815_1,1
2018-06-29-1815_10,0
2018-06-29-1815_11,0
2018-06-29-1815_12,0
2018-06-29-1815_13,0
2018-06-29-1815_14,0
2018-06-29-1815_15,0
2018-06-29-1815_16,0
2018-06-29-1815_17,0
2018-06-29-1815_18,0
2018-06-29-1815_19,0
2018-06-29-1815_2,0
2018-06-29-1815_20,1
2018-06-29-1815_21,0
2018-06-29-1815_22,1
2018-06-29-1815_23,0
2018-06-29-1815_24,0
2018-06-29-1815_25,0
2018-06-29-1815_26,0
2018-06-29-1815_27,0
2018-06-29-1815_28,0
2018-06-29-1815_29,0
2018-06-29-1815_3,0
2018-06-29-1815_30,0
2018-06-29-1815_31,0
2018-06-29-1815_32,0
2018-06-29-1815_33,0
2018-06-29-1815_34,0
2018-06-29-1815_35,0
2018-06-29-1815_36,0
2018-06-29-1815_4,0
2018-06-29-1815_5,0
2018-06-29-1815_6,0
2018-06-29-1815_7,0
2018-06-29-1815_8,0
2018-06-29-1815_9,1
2018-06-29-1820_1,1
2018-06-29-1820_10,0
2018-06-29-1820_11,0
2018-06-29-1820_12,0
2018-06-29-1820_13,0
2018-06-29-1820_14,0
2018-06-29-1820_15,0
2018-06-29-1820_16,0
2018-06-29-1820_17,0
2018-06-29-1820_18,0
2018-06-29-1820_19,0
2018-06-29-1820_2,0
2018-06-29-1820_20,1
2018-06-29-1820_21,0
2018-06-29-1820_22,1
2018-06-29-1820_23,0
2018-06-29-1820_24,0
2018-06-29-1820_25,0
2018-06-29-1820_26,0
2018-06-29-1820_27,0
2018-06-29-1820_28,0
2018-06-29-1820_29,0
2018-06-29-1820_3,0
2018-06-29-1820_30,0
2018-06-29-1820_31,0
2018-06-29-1820_32,0
2018-06-29-1820_33,0
2018-06-29-1820_34,0
2018-06-29-1820_35,0
2018-06-29-1820_36,0
2018-06-29-1820_4,0
2018-06-29-1820_5,0
2018-06-29-1820_6,0
2018-06-29-1820_7,0
2018-06-29-1820_8,0
2018-06-29-1820_9,1
2018-06-29-1825_1,1
2018-06-29-1825_10,0
2018-06-29-1825_11,0
2018-06-29-1825_12,0
2018-06-29-1825_13,0
2018-06-29-1825_14,0
2018-06-29-1825_15,0
2018-06-29-1825_16,0
2018-06-29-1825_17,0
2018-06-29-1825_18,0
2018-06-29-1825_19,0
2018-06-29-1825_2,0
2018-06-29-1825_20,1
2018-06-29-1825_21,0
2018-06-29-1825_22,1
2018-06-29-1825_23,0
2018-06-29-1825_24,0
2018-06-29-1825_25,0
2018-06-29-1825_26,0
2018-06-29-1825_27,0
2018-06-29-1825_28,0
2018-06-29-1825_29,0
2018-06-29-1825_3,0
2018-06-29-1825_30,0
2018-06-29-1825_31,0
2018-06-29-1825_32,0
2018-06-29-1825_33,0
2018-06-29-1825_34,0
2018-06-29-1825_35,0
2018-06-29-1825_36,0
2018-06-29-1825_4,0
2018-06-29-1825_5,0
2018-06-29-1825_6,0
2018-06-29-1825_7,0
2018-06-29-1825_8,0
2018-06-29-1825_9,1
2018-06-29-1830_1,1
2018-06-29-1830_10,0
2018-06-29-1830_11,0
2018-06-29-1830_12,0
2018-06-29-1830_13,0
2018-06-29-1830_14,0
2018-06-29-1830_15,0
2018-06-29-1830_16,0
2018-06-29-1830_17,0
2018-06-29-1830_18,0
2018-06-29-1830_19,0
2018-06-29-1830_2,0
2018-06-29-1830_20,0
2018-06-29-1830_21,0
2018-06-29-1830_22,1
2018-06-29-1830_23,0
2018-06-29-1830_24,0
2018-06-29-1830_25,0
2018-06-29-1830_26,0
2018-06-29-1830_27,0
2018-06-29-1830_28,0
2018-06-29-1830_29,0
2018-06-29-1830_3,0
2018-06-29-1830_30,0
2018-06-29-1830_31,0
2018-06-29-1830_32,0
2018-06-29-1830_33,0
2018-06-29-1830_34,0
2018-06-29-1830_35,0
2018-06-29-1830_36,0
2018-06-29-1830_4,0
2018-06-29-1830_5,0
2018-06-29-1830_6,0
2018-06-29-1830_7,0
2018-06-29-1830_8,0
2018-06-29-1830_9,1
2018-06-29-1835_1,1
2018-06-29-1835_10,0
2018-06-29-1835_11,0
2018-06-29-1835_12,0
2018-06-29-1835_13,0
2018-06-29-1835_14,0
2018-06-29-1835_15,0
2018-06-29-1835_16,0
2018-06-29-1835_17,0
2018-06-29-1835_18,0
2018-06-29-1835_19,0
2018-06-29-1835_2,0
2018-06-29-1835_20,0
2018-06-29-1835_21,0
2018-06-29-1835_22,1
2018-06-29-1835_23,0
2018-06-29-1835_24,0
2018-06-29-1835_25,0
2018-06-29-1835_26,0
2018-06-29-1835_27,0
2018-06-29-1835_28,0
2018-06-29-1835_29,0
2018-06-29-1835_3,0
2018-06-29-1835_30,0
2018-06-29-1835_31,0
2018-06-29-1835_32,0
2018-06-29-1835_33,0
2018-06-29-1835_34,0
2018-06-29-1835_35,0
2018-06-29-1835_36,0
2018-06-29-1835_4,0
2018-06-29-1835_5,0
2018-06-29-1835_6,0
2018-06-29-1835_7,0
2018-06-29-1835_8,0
2018-06-29-1835_9,1
2018-06-29-1840_1,1
2018-06-29-1840_10,0
2018-06-29-1840_11,0
2018-06-29-1840_12,0
2018-06-29-1840_13,0
2018-06-29-1840_14,0
2018-06-29-1840_15,0
2018-06-29-1840_16,0
2018-06-29-1840_17,0
2018-06-29-1840_18,0
2018-06-29-1840_19,0
2018-06-29-1840_2,0
2018-06-29-1840_20,0
2018-06-29-1840_21,0
2018-06-29-1840_22,1
2018-06-29-1840_23,0
2018-06-29-1840_24,0
2018-06-29-1840_25,0
2018-06-29-1840_26,0
2018-06-29-1840_27,0
2018-06-29-1840_28,0
2018-06-29-1840_29,0
2018-06-29-1840_3,0
2018-06-29-1840_30,0
2018-06-29-1840_31,0
2018-06-29-1840_32,0
2018-06-29-1840_33,0
2018-06-29-1840_34,0
2018-06-29-1840_35,0
2018-06-29-1840_36,0
2018-06-29-1840_4,0
2018-06-29-1840_5,0
2018-06-29-1840_6,0
2018-06-29-1840_7,0
2018-06-29-1840_8,0
2018-06-29-1840_9,1
2018-06-29-1845_1,1
2018-06-29-1845_10,0
2018-06-29-1845_11,0
2018-06-29-1845_12,0
2018-06-29-1845_13,0
2018-06-29-1845_14,0
2018-06-29-1845_15,0
2018-06-29-1845_16,0
2018-06-29-1845_17,0
2018-06-29-1845_18,0
2018-06-29-1845_19,0
2018-06-29-1845_2,0
2018-06-29-1845_20,0
2018-06-29-1845_21,0
2018-06-29-1845_22,1
2018-06-29-1845_23,0
2018-06-29-1845_24,0
2018-06-29-1845_25,0
2018-06-29-1845_26,0
2018-06-29-1845_27,0
2018-06-29-1845_28,0
2018-06-29-1845_29,0
2018-06-29-1845_3,0
2018-06-29-1845_30,0
2018-06-29-1845_31,0
2018-06-29-1845_32,0
2018-06-29-1845_33,0
2018-06-29-1845_34,0
2018-06-29-1845_35,0
2018-06-29-1845_36,0
2018-06-29-1845_4,0
2018-06-29-1845_5,0
2018-06-29-1845_6,0
2018-06-29-1845_7,0
2018-06-29-1845_8,0
2018-06-29-1845_9,1
2018-06-29-1850_1,0
2018-06-29-1850_10,0
2018-06-29-1850_11,0
2018-06-29-1850_12,0
2018-06-29-1850_13,0
2018-06-29-1850_14,0
2018-06-29-1850_15,0
2018-06-29-1850_16,0
2018-06-29-1850_17,0
2018-06-29-1850_18,0
2018-06-29-1850_19,0
2018-06-29-1850_2,0
2018-06-29-1850_20,0
2018-06-29-1850_21,0
2018-06-29-1850_22,1
2018-06-29-1850_23,0
2018-06-29-1850_24,0
2018-06-29-1850_25,0
2018-06-29-1850_26,0
2018-06-29-1850_27,0
2018-06-29-1850_28,0
2018-06-29-1850_29,0
2018-06-29-1850_3,0
2018-06-29-1850_30,0
2018-06-29-1850_31,0
2018-06-29-1850_32,0
2018-06-29-1850_33,0
2018-06-29-1850_34,0
2018-06-29-1850_35,0
2018-06-29-1850_36,0
2018-06-29-1850_4,0
2018-06-29-1850_5,0
2018-06-29-1850_6,0
2018-06-29-1850_7,0
2018-06-29-1850_8,0
2018-06-29-1850_9,1
2018-06-29-1855_1,0
2018-06-29-1855_10,0
2018-06-29-1855_11,0
2018-06-29-1855_12,0
2018-06-29-1855_13,0
2018-06-29-1855_14,0
2018-06-29-1855_15,0
2018-06-29-1855_16,0
2018-06-29-1855_17,0
2018-06-29-1855_18,0
2018-06-29-1855_19,0
2018-06-29-1855_2,0
2018-06-29-1855_20,0
2018-06-29-1855_21,0
2018-06-29-1855_22,1
2018-06-29-1855_23,0
2018-06-29-1855_24,0
2018-06-29-1855_25,0
2018-06-29-1855_26,0
2018-06-29-1855_27,0
2018-06-29-1855_28,0
2018-06-29-1855_29,0
2018-06-29-1855_3,0
2018-06-29-1855_30,0
2018-06-29-1855_31,0
2018-06-29-1855_32,0
2018-06-29-1855_33,0
2018-06-29-1855_34,0
2018-06-29-1855_35,0
2018-06-29-1855_36,0
2018-06-29-1855_4,0
2018-06-29-1855_5,0
2018-06-29-1855_6,0
2018-06-29-1855_7,0
2018-06-29-1855_8,0
2018-06-29-1855_9,1